timestamp,ueImsiComplete,numActiveUes,DRB.EstabSucc.5QI.UEID (numDrb),DRB.RelActNbr.5QI.UEID (0),L3 serving Id(m_cellId),UE (imsi),L3 serving SINR,L3 serving SINR 3gpp,L3 neigh Id 1 (cellId),L3 neigh SINR 1,L3 neigh SINR 3gpp 1 (convertedSinr),L3 neigh Id 2 (cellId),L3 neigh SINR 2,L3 neigh SINR 3gpp 2 (convertedSinr),L3 neigh Id 3 (cellId),L3 neigh SINR 3,L3 neigh SINR 3gpp 3 (convertedSinr),L3 neigh Id 4 (cellId),L3 neigh SINR 4,L3 neigh SINR 3gpp 4 (convertedSinr),L3 neigh Id 5 (cellId),L3 neigh SINR 5,L3 neigh SINR 3gpp 5 (convertedSinr),L3 neigh Id 6 (cellId),L3 neigh SINR 6,L3 neigh SINR 3gpp 6 (convertedSinr),L3 neigh Id 7 (cellId),L3 neigh SINR 7,L3 neigh SINR 3gpp 7 (convertedSinr),L3 neigh Id 8 (cellId),L3 neigh SINR 8,L3 neigh SINR 3gpp 8 (convertedSinr)
100,00001,1,0,0,3,1,16.628619,80.000000,-3,16.628619,80.000000,2,-11.660444,23.000000,,,,,,,,,,,,,,,,,,
200,00001,1,0,0,3,1,17.254745,81.000000,-3,17.254745,81.000000,2,-9.256304,28.000000,,,,,,,,,,,,,,,,,,
300,00001,1,0,0,3,1,16.510326,80.000000,-3,16.510326,80.000000,2,-11.142620,24.000000,,,,,,,,,,,,,,,,,,
400,00001,1,0,0,3,1,12.171899,71.000000,-3,12.171899,71.000000,2,-11.145806,24.000000,,,,,,,,,,,,,,,,,,
500,00001,1,0,0,3,1,11.833396,70.000000,-3,11.833396,70.000000,2,-11.773837,23.000000,,,,,,,,,,,,,,,,,,
600,00001,1,0,0,3,1,12.643678,72.000000,-3,12.643678,72.000000,2,-10.185827,26.000000,,,,,,,,,,,,,,,,,,
700,00001,1,0,0,3,1,10.951046,68.000000,-3,10.951046,68.000000,2,-8.772113,29.000000,,,,,,,,,,,,,,,,,,
800,00001,1,0,0,3,1,17.608687,82.000000,-3,17.608687,82.000000,2,-9.772608,27.000000,,,,,,,,,,,,,,,,,,
900,00001,1,0,0,3,1,7.163887,61.000000,-3,7.163887,61.000000,2,-12.688379,21.000000,,,,,,,,,,,,,,,,,,
1000,00001,1,0,0,3,1,5.475116,57.000000,-3,5.475116,57.000000,2,-9.973604,26.000000,,,,,,,,,,,,,,,,,,
1100,00001,1,0,0,3,1,3.891801,54.000000,-3,3.891801,54.000000,2,-12.468537,21.000000,,,,,,,,,,,,,,,,,,
1200,00001,1,0,0,3,1,2.179106,51.000000,-3,2.179106,51.000000,2,-12.263835,22.000000,,,,,,,,,,,,,,,,,,
1300,00001,1,0,0,3,1,-0.487861,45.000000,-3,-0.487861,45.000000,2,-10.233126,26.000000,,,,,,,,,,,,,,,,,,
1400,00001,1,0,0,3,1,-0.791761,45.000000,-3,-0.791761,45.000000,2,-12.269695,22.000000,,,,,,,,,,,,,,,,,,
1500,00001,1,0,0,3,1,-1.170996,44.000000,-3,-1.170996,44.000000,2,-11.887762,22.000000,,,,,,,,,,,,,,,,,,
1600,00001,1,0,0,3,1,-1.553264,43.000000,-3,-1.553264,43.000000,2,-10.721547,25.000000,,,,,,,,,,,,,,,,,,
1700,00001,1,0,0,3,1,1.499201,49.000000,-3,1.499201,49.000000,2,-10.960078,24.000000,,,,,,,,,,,,,,,,,,
1800,00001,1,0,0,3,1,4.964202,56.000000,-3,4.964202,56.000000,2,-13.275385,20.000000,,,,,,,,,,,,,,,,,,
1900,00001,1,0,0,3,1,3.831687,54.000000,-3,3.831687,54.000000,2,-15.708034,15.000000,,,,,,,,,,,,,,,,,,
2000,00001,1,0,0,3,1,4.780211,56.000000,-3,4.780211,56.000000,2,-19.421664,7.000000,,,,,,,,,,,,,,,,,,
2100,00001,1,0,0,3,1,3.173637,53.000000,-3,3.173637,53.000000,2,-17.583120,11.000000,,,,,,,,,,,,,,,,,,
2200,00001,1,0,0,3,1,3.695458,54.000000,-3,3.695458,54.000000,2,-18.024535,10.000000,,,,,,,,,,,,,,,,,,
2300,00001,1,0,0,3,1,4.543697,56.000000,2,7.479329,61.000000,-3,4.543697,56.000000,,,,,,,,,,,,,,,,,,
2400,00001,1,0,0,3,1,0.477121,47.000000,-3,0.477121,47.000000,2,-12.517885,21.000000,,,,,,,,,,,,,,,,,,
2500,00001,1,0,0,3,1,-0.464596,45.000000,-3,-0.464596,45.000000,2,-13.087243,20.000000,,,,,,,,,,,,,,,,,,
2600,00001,1,0,0,3,1,1.893593,50.000000,-3,1.893593,50.000000,2,-11.948121,22.000000,,,,,,,,,,,,,,,,,,
2700,00001,1,0,0,3,1,21.758615,90.000000,-3,21.758615,90.000000,2,-9.453814,27.000000,,,,,,,,,,,,,,,,,,
2800,00001,1,0,0,3,1,-0.588532,45.000000,-3,-0.588532,45.000000,2,-11.008185,24.000000,,,,,,,,,,,,,,,,,,
2900,00001,1,0,0,3,1,-0.997715,44.000000,-3,-0.997715,44.000000,2,-12.731947,21.000000,,,,,,,,,,,,,,,,,,
3000,00001,1,0,0,3,1,-0.381616,46.000000,-3,-0.381616,46.000000,2,-12.469631,21.000000,,,,,,,,,,,,,,,,,,
3100,00001,1,0,0,3,1,-0.345836,46.000000,-3,-0.345836,46.000000,2,-15.456164,15.000000,,,,,,,,,,,,,,,,,,
3200,00001,1,0,0,3,1,1.134219,49.000000,-3,1.134219,49.000000,4,-11.000141,24.000000,,,,,,,,,,,,,,,,,,
3300,00001,1,0,0,3,1,-1.537250,43.000000,-3,-1.537250,43.000000,2,-18.155099,10.000000,,,,,,,,,,,,,,,,,,
3400,00001,1,0,0,3,1,0.911114,48.000000,-3,0.911114,48.000000,2,-15.614395,15.000000,,,,,,,,,,,,,,,,,,
3500,00001,1,0,0,3,1,-2.099321,42.000000,-3,-2.099321,42.000000,2,-17.558375,11.000000,,,,,,,,,,,,,,,,,,
3600,00001,1,0,0,3,1,-0.981938,44.000000,-3,-0.981938,44.000000,2,-19.273726,8.000000,,,,,,,,,,,,,,,,,,
3700,00001,1,0,0,3,1,0.732993,48.000000,-3,0.732993,48.000000,2,-17.075091,12.000000,,,,,,,,,,,,,,,,,,
3800,00001,1,0,0,3,1,-0.842854,45.000000,-3,-0.842854,45.000000,2,-17.039638,12.000000,,,,,,,,,,,,,,,,,,
3900,00001,1,0,0,3,1,19.503670,86.000000,-3,19.503670,86.000000,2,-17.782838,11.000000,,,,,,,,,,,,,,,,,,
4000,00001,1,0,0,3,1,11.916785,70.000000,-3,11.916785,70.000000,2,-12.948022,20.000000,,,,,,,,,,,,,,,,,,
4100,00001,1,0,0,3,1,13.763091,74.000000,-3,13.763091,74.000000,2,-13.564629,19.000000,,,,,,,,,,,,,,,,,,
4200,00001,1,0,0,3,1,15.468820,78.000000,-3,15.468820,78.000000,2,-11.360827,23.000000,,,,,,,,,,,,,,,,,,
4300,00001,1,0,0,3,1,12.428501,71.000000,-3,12.428501,71.000000,2,-10.289629,26.000000,,,,,,,,,,,,,,,,,,
4400,00001,1,0,0,3,1,12.239657,71.000000,-3,12.239657,71.000000,2,-12.201234,22.000000,,,,,,,,,,,,,,,,,,
4500,00001,1,0,0,3,1,11.049992,69.000000,-3,11.049992,69.000000,2,-13.407044,19.000000,,,,,,,,,,,,,,,,,,
4600,00001,1,0,0,3,1,11.725487,70.000000,-3,11.725487,70.000000,2,-14.524772,17.000000,,,,,,,,,,,,,,,,,,
4700,00001,1,0,0,3,1,12.236915,71.000000,-3,12.236915,71.000000,2,-12.980939,20.000000,,,,,,,,,,,,,,,,,,
4800,00001,1,0,0,3,1,14.385829,75.000000,-3,14.385829,75.000000,2,-12.892398,20.000000,,,,,,,,,,,,,,,,,,
4900,00001,1,0,0,3,1,28.264561,103.000000,-3,28.264561,103.000000,2,-13.582273,19.000000,,,,,,,,,,,,,,,,,,
5000,00001,1,0,0,3,1,4.920142,56.000000,-3,4.920142,56.000000,2,-13.254651,20.000000,,,,,,,,,,,,,,,,,,
5100,00001,1,0,0,3,1,4.067948,55.000000,-3,4.067948,55.000000,2,-12.767884,21.000000,,,,,,,,,,,,,,,,,,
5200,00001,1,0,0,3,1,1.860029,50.000000,-3,1.860029,50.000000,2,-13.651239,19.000000,,,,,,,,,,,,,,,,,,
5300,00001,1,0,0,3,1,4.804886,56.000000,-3,4.804886,56.000000,2,-9.744442,27.000000,,,,,,,,,,,,,,,,,,
5400,00001,1,0,0,3,1,3.163885,53.000000,-3,3.163885,53.000000,2,-9.922716,26.000000,,,,,,,,,,,,,,,,,,
5500,00001,1,0,0,3,1,1.122333,49.000000,-3,1.122333,49.000000,2,-6.888842,32.000000,,,,,,,,,,,,,,,,,,
5600,00001,1,0,0,3,1,23.898659,95.000000,-3,23.898659,95.000000,2,-6.655725,33.000000,,,,,,,,,,,,,,,,,,
5700,00001,1,0,0,3,1,0.444221,47.000000,-3,0.444221,47.000000,2,-6.468193,33.000000,,,,,,,,,,,,,,,,,,
5800,00001,1,0,0,3,1,-0.019055,46.000000,-3,-0.019055,46.000000,2,-3.783504,39.000000,,,,,,,,,,,,,,,,,,
5900,00001,1,0,0,3,1,-2.890782,41.000000,-3,-2.890782,41.000000,2,-5.371562,36.000000,,,,,,,,,,,,,,,,,,
6000,00001,1,0,0,3,1,-2.155098,42.000000,-3,-2.155098,42.000000,2,-6.350240,34.000000,,,,,,,,,,,,,,,,,,
6100,00001,1,0,0,3,1,1.458953,49.000000,-3,1.458953,49.000000,2,-8.952681,28.000000,,,,,,,,,,,,,,,,,,
6200,00001,1,0,0,3,1,2.183638,51.000000,-3,2.183638,51.000000,2,-8.443033,29.000000,,,,,,,,,,,,,,,,,,
6300,00001,1,0,0,3,1,3.684625,54.000000,-3,3.684625,54.000000,2,-8.257283,30.000000,,,,,,,,,,,,,,,,,,
6400,00001,1,0,0,3,1,4.212506,55.000000,-3,4.212506,55.000000,2,-10.555147,25.000000,,,,,,,,,,,,,,,,,,
6500,00001,1,0,0,3,1,5.517825,57.000000,-3,5.517825,57.000000,2,-10.903996,24.000000,,,,,,,,,,,,,,,,,,
