timestamp,ueImsiComplete,numActiveUes,DRB.EstabSucc.5QI.UEID (numDrb),DRB.RelActNbr.5QI.UEID (0),L3 serving Id(m_cellId),UE (imsi),L3 serving SINR,L3 serving SINR 3gpp,L3 neigh Id 1 (cellId),L3 neigh SINR 1,L3 neigh SINR 3gpp 1 (convertedSinr),L3 neigh Id 2 (cellId),L3 neigh SINR 2,L3 neigh SINR 3gpp 2 (convertedSinr),L3 neigh Id 3 (cellId),L3 neigh SINR 3,L3 neigh SINR 3gpp 3 (convertedSinr),L3 neigh Id 4 (cellId),L3 neigh SINR 4,L3 neigh SINR 3gpp 4 (convertedSinr),L3 neigh Id 5 (cellId),L3 neigh SINR 5,L3 neigh SINR 3gpp 5 (convertedSinr),L3 neigh Id 6 (cellId),L3 neigh SINR 6,L3 neigh SINR 3gpp 6 (convertedSinr),L3 neigh Id 7 (cellId),L3 neigh SINR 7,L3 neigh SINR 3gpp 7 (convertedSinr),L3 neigh Id 8 (cellId),L3 neigh SINR 8,L3 neigh SINR 3gpp 8 (convertedSinr)
100,00002,1,0,0,2,2,-2.095092,42.000000,3,1.518258,49.000000,-2,-2.095092,42.000000,,,,,,,,,,,,,,,,,,
200,00002,1,0,0,2,2,-1.820580,43.000000,3,1.379476,49.000000,-2,-1.820580,43.000000,,,,,,,,,,,,,,,,,,
300,00002,1,0,0,2,2,-0.727861,45.000000,3,2.671017,52.000000,-2,-0.727861,45.000000,,,,,,,,,,,,,,,,,,
400,00002,1,0,0,2,2,0.817876,48.000000,3,1.936590,50.000000,-2,0.817876,48.000000,,,,,,,,,,,,,,,,,,
500,00002,1,0,0,2,2,5.677031,58.000000,-2,5.677031,58.000000,3,4.366535,55.000000,,,,,,,,,,,,,,,,,,
600,00002,1,0,0,2,2,-11.292872,24.000000,3,4.794102,56.000000,-2,-11.292872,24.000000,,,,,,,,,,,,,,,,,,
700,00002,1,0,0,2,2,-9.597080,27.000000,3,6.188200,59.000000,-2,-9.597080,27.000000,,,,,,,,,,,,,,,,,,
800,00002,1,0,0,2,2,-9.059129,28.000000,3,6.365180,59.000000,-2,-9.059129,28.000000,,,,,,,,,,,,,,,,,,
900,00002,1,0,0,2,2,-7.968234,30.000000,3,5.911780,58.000000,-2,-7.968234,30.000000,,,,,,,,,,,,,,,,,,
1000,00002,1,0,0,2,2,-7.158051,32.000000,3,5.821036,58.000000,-2,-7.158051,32.000000,,,,,,,,,,,,,,,,,,
1100,00002,1,0,0,2,2,-7.964287,30.000000,3,8.008441,63.000000,-2,-7.964287,30.000000,,,,,,,,,,,,,,,,,,
1200,00002,1,0,0,2,2,-5.603493,35.000000,3,6.666153,60.000000,-2,-5.603493,35.000000,,,,,,,,,,,,,,,,,,
1300,00002,1,0,0,2,2,-6.384489,33.000000,3,4.612155,56.000000,-2,-6.384489,33.000000,,,,,,,,,,,,,,,,,,
1400,00002,1,0,0,2,2,-6.878888,32.000000,3,5.918502,58.000000,-2,-6.878888,32.000000,,,,,,,,,,,,,,,,,,
1500,00002,1,0,0,2,2,-7.111793,32.000000,3,6.683440,60.000000,-2,-7.111793,32.000000,,,,,,,,,,,,,,,,,,
1600,00002,1,0,0,2,2,-7.780784,31.000000,3,8.591360,64.000000,-2,-7.780784,31.000000,,,,,,,,,,,,,,,,,,
1700,00002,1,0,0,2,2,-6.312497,34.000000,3,7.799023,62.000000,-2,-6.312497,34.000000,,,,,,,,,,,,,,,,,,
1800,00002,1,0,0,2,2,-6.076644,34.000000,3,7.364589,61.000000,-2,-6.076644,34.000000,,,,,,,,,,,,,,,,,,
1900,00002,1,0,0,2,2,-8.119809,30.000000,3,5.980698,58.000000,-2,-8.119809,30.000000,,,,,,,,,,,,,,,,,,
2000,00002,1,0,0,2,2,-8.310952,30.000000,3,6.178876,59.000000,-2,-8.310952,30.000000,,,,,,,,,,,,,,,,,,
2100,00002,1,0,0,2,2,-9.999267,26.000000,3,4.116537,55.000000,-2,-9.999267,26.000000,,,,,,,,,,,,,,,,,,
2200,00002,1,0,0,2,2,-9.796178,27.000000,3,3.858317,54.000000,-2,-9.796178,27.000000,,,,,,,,,,,,,,,,,,
2300,00002,1,0,0,2,2,-9.034790,28.000000,3,2.185122,51.000000,-2,-9.034790,28.000000,,,,,,,,,,,,,,,,,,
2400,00002,1,0,0,2,2,-8.788978,29.000000,3,1.436578,49.000000,-2,-8.788978,29.000000,,,,,,,,,,,,,,,,,,
2500,00002,1,0,0,2,2,-10.257409,26.000000,3,0.889726,48.000000,-2,-10.257409,26.000000,,,,,,,,,,,,,,,,,,
2600,00002,1,0,0,2,2,-11.782929,23.000000,3,0.552222,47.000000,-2,-11.782929,23.000000,,,,,,,,,,,,,,,,,,
2700,00002,1,0,0,2,2,-12.869500,20.000000,3,-0.497210,45.000000,-2,-12.869500,20.000000,,,,,,,,,,,,,,,,,,
2800,00002,1,0,0,2,2,-14.770144,17.000000,3,-1.905172,43.000000,-2,-14.770144,17.000000,,,,,,,,,,,,,,,,,,
2900,00002,1,0,0,2,2,-14.180392,18.000000,3,-2.629485,41.000000,-2,-14.180392,18.000000,,,,,,,,,,,,,,,,,,
3000,00002,1,0,0,2,2,-11.725427,23.000000,3,-1.953648,42.000000,-2,-11.725427,23.000000,,,,,,,,,,,,,,,,,,
3100,00002,1,0,0,2,2,-10.785922,25.000000,3,-2.477265,41.000000,-2,-10.785922,25.000000,,,,,,,,,,,,,,,,,,
3200,00002,1,0,0,2,2,-10.746163,25.000000,3,-4.457541,37.000000,-2,-10.746163,25.000000,,,,,,,,,,,,,,,,,,
3300,00002,1,0,0,2,2,-10.552329,25.000000,3,-5.983100,34.000000,-2,-10.552329,25.000000,,,,,,,,,,,,,,,,,,
3400,00002,1,0,0,2,2,-10.189712,26.000000,3,-6.972030,32.000000,-2,-10.189712,26.000000,,,,,,,,,,,,,,,,,,
3500,00002,1,0,0,2,2,-8.421567,29.000000,3,-3.123020,40.000000,-2,-8.421567,29.000000,,,,,,,,,,,,,,,,,,
3600,00002,1,0,0,2,2,-8.864190,28.000000,3,-0.445695,45.000000,-2,-8.864190,28.000000,,,,,,,,,,,,,,,,,,
3700,00002,1,0,0,2,2,6.875224,60.000000,-2,6.875224,60.000000,3,-1.823527,43.000000,,,,,,,,,,,,,,,,,,
3800,00002,1,0,0,2,2,-18.599311,9.000000,3,-3.227035,40.000000,-2,-18.599311,9.000000,,,,,,,,,,,,,,,,,,
3900,00002,1,0,0,2,2,-20.116717,6.000000,3,-2.895839,41.000000,-2,-20.116717,6.000000,,,,,,,,,,,,,,,,,,
4000,00002,1,0,0,2,2,-19.711484,7.000000,3,-2.224602,42.000000,-2,-19.711484,7.000000,,,,,,,,,,,,,,,,,,
4100,00002,1,0,0,2,2,-18.614888,9.000000,3,-1.496824,43.000000,-2,-18.614888,9.000000,,,,,,,,,,,,,,,,,,
4200,00002,1,0,0,2,2,-18.704323,9.000000,3,-0.498898,45.000000,-2,-18.704323,9.000000,,,,,,,,,,,,,,,,,,
4300,00002,1,0,0,2,2,-18.892444,8.000000,3,0.685585,48.000000,-2,-18.892444,8.000000,,,,,,,,,,,,,,,,,,
4400,00002,1,0,0,2,2,-18.848094,8.000000,3,0.223818,47.000000,-2,-18.848094,8.000000,,,,,,,,,,,,,,,,,,
4500,00002,1,0,0,2,2,-20.198507,6.000000,3,0.928631,48.000000,-2,-20.198507,6.000000,,,,,,,,,,,,,,,,,,
4600,00002,1,0,0,2,2,-20.122770,6.000000,3,1.829324,50.000000,-2,-20.122770,6.000000,,,,,,,,,,,,,,,,,,
4700,00002,1,0,0,2,2,-19.245048,8.000000,3,3.578324,54.000000,-2,-19.245048,8.000000,,,,,,,,,,,,,,,,,,
4800,00002,1,0,0,2,2,-17.513231,11.000000,3,4.147579,55.000000,-2,-17.513231,11.000000,,,,,,,,,,,,,,,,,,
4900,00002,1,0,0,2,2,-15.121120,16.000000,3,4.789716,56.000000,-2,-15.121120,16.000000,,,,,,,,,,,,,,,,,,
5000,00002,1,0,0,2,2,-11.869138,22.000000,3,2.771016,52.000000,-2,-11.869138,22.000000,,,,,,,,,,,,,,,,,,
5100,00002,1,0,0,2,2,-10.931840,24.000000,3,2.371507,51.000000,-2,-10.931840,24.000000,,,,,,,,,,,,,,,,,,
5200,00002,1,0,0,2,2,-9.836791,27.000000,3,1.506112,49.000000,-2,-9.836791,27.000000,,,,,,,,,,,,,,,,,,
5300,00002,1,0,0,2,2,-10.408282,25.000000,3,0.920750,48.000000,-2,-10.408282,25.000000,,,,,,,,,,,,,,,,,,
5400,00002,1,0,0,2,2,-9.935262,26.000000,3,-0.493459,45.000000,-2,-9.935262,26.000000,,,,,,,,,,,,,,,,,,
5500,00002,1,0,0,2,2,-7.995973,30.000000,3,2.083024,51.000000,-2,-7.995973,30.000000,,,,,,,,,,,,,,,,,,
5600,00002,1,0,0,2,2,-9.914069,26.000000,3,0.212401,47.000000,-2,-9.914069,26.000000,,,,,,,,,,,,,,,,,,
5700,00002,1,0,0,2,2,-10.975558,24.000000,3,1.735824,50.000000,-2,-10.975558,24.000000,,,,,,,,,,,,,,,,,,
5800,00002,1,0,0,2,2,-12.593606,21.000000,3,-0.958691,44.000000,-2,-12.593606,21.000000,,,,,,,,,,,,,,,,,,
5900,00002,1,0,0,2,2,-12.367773,21.000000,3,0.554573,47.000000,-2,-12.367773,21.000000,,,,,,,,,,,,,,,,,,
6000,00002,1,0,0,2,2,-12.490828,21.000000,3,1.234107,49.000000,-2,-12.490828,21.000000,,,,,,,,,,,,,,,,,,
6100,00002,1,0,0,2,2,-10.006881,26.000000,3,1.116155,49.000000,-2,-10.006881,26.000000,,,,,,,,,,,,,,,,,,
6200,00002,1,0,0,2,2,-6.910461,32.000000,3,0.674952,48.000000,-2,-6.910461,32.000000,,,,,,,,,,,,,,,,,,
6300,00002,1,0,0,2,2,-7.671929,31.000000,3,1.924386,50.000000,-2,-7.671929,31.000000,,,,,,,,,,,,,,,,,,
6400,00002,1,0,0,2,2,-9.114099,28.000000,3,1.198072,49.000000,-2,-9.114099,28.000000,,,,,,,,,,,,,,,,,,
6500,00002,1,0,0,2,2,3.954457,54.000000,-2,3.954457,54.000000,3,2.008868,50.000000,,,,,,,,,,,,,,,,,,
