timestamp,ueImsiComplete,DRB.PdcpSduDelayDl (cellAverageLatency),m_pDCPBytesUL (0),m_pDCPBytesDL (cellDlTxVolume),DRB.PdcpSduVolumeDl_Filter.UEID (txBytes),Tot.PdcpSduNbrDl.UEID (txDlPackets),DRB.PdcpSduBitRateDl.UEID(pdcpThroughput),DRB.PdcpSduDelayDl.UEID (pdcpLatency),QosFlow.PdcpPduVolumeDL_Filter.UEID(txPdcpPduBytesNrRlc),DRB.PdcpPduNbrDl.Qos.UEID (txPdcpPduNrRlc)
100,00001,,,,,,,,0.000000,0
200,00001,,,,,,,,1844.480000,176
300,00001,,,,,,,,2096.000000,200
400,00001,,,,,,,,2096.000000,200
500,00001,,,,,,,,2096.000000,200
600,00001,,,,,,,,2096.000000,200
700,00001,,,,,,,,2096.000000,200
800,00001,,,,,,,,2096.000000,200
900,00001,,,,,,,,2096.000000,200
1000,00001,,,,,,,,2096.000000,200
1100,00001,,,,,,,,2096.000000,200
1200,00001,,,,,,,,2096.000000,200
1300,00001,,,,,,,,2096.000000,200
1400,00001,,,,,,,,2096.000000,200
1500,00001,,,,,,,,2096.000000,200
1600,00001,,,,,,,,2096.000000,200
1700,00001,,,,,,,,2096.000000,200
1800,00001,,,,,,,,2096.000000,200
1900,00001,,,,,,,,2096.000000,200
2000,00001,,,,,,,,2096.000000,200
2100,00001,,,,,,,,2096.000000,200
2200,00001,,,,,,,,2096.000000,200
2300,00001,,,,,,,,2096.000000,200
2400,00001,,,,,,,,2096.000000,200
2500,00001,,,,,,,,2096.000000,200
2600,00001,,,,,,,,2096.000000,200
2700,00001,,,,,,,,2096.000000,200
2800,00001,,,,,,,,2096.000000,200
2900,00001,,,,,,,,2096.000000,200
3000,00001,,,,,,,,2096.000000,200
3100,00001,,,,,,,,2096.000000,200
3200,00001,,,,,,,,2096.000000,200
3300,00001,,,,,,,,2096.000000,200
3400,00001,,,,,,,,2096.000000,200
3500,00001,,,,,,,,2096.000000,200
3600,00001,,,,,,,,2096.000000,200
3700,00001,,,,,,,,2096.000000,200
3800,00001,,,,,,,,2096.000000,200
3900,00001,,,,,,,,2096.000000,200
4000,00001,,,,,,,,2096.000000,200
4100,00001,,,,,,,,2096.000000,200
4200,00001,,,,,,,,2096.000000,200
4300,00001,,,,,,,,2096.000000,200
4400,00001,,,,,,,,2096.000000,200
4500,00001,,,,,,,,2096.000000,200
4600,00001,,,,,,,,2096.000000,200
4700,00001,,,,,,,,2096.000000,200
4800,00001,,,,,,,,2096.000000,200
4900,00001,,,,,,,,2096.000000,200
5000,00001,,,,,,,,2096.000000,200
5100,00001,,,,,,,,2096.000000,200
5200,00001,,,,,,,,2096.000000,200
5300,00001,,,,,,,,2096.000000,200
5400,00001,,,,,,,,2096.000000,200
5500,00001,,,,,,,,2096.000000,200
5600,00001,,,,,,,,2096.000000,200
5700,00001,,,,,,,,2096.000000,200
5800,00001,,,,,,,,2096.000000,200
5900,00001,,,,,,,,2096.000000,200
6000,00001,,,,,,,,2096.000000,200
6100,00001,,,,,,,,2096.000000,200
6200,00001,,,,,,,,2096.000000,200
6300,00001,,,,,,,,2096.000000,200
6400,00001,,,,,,,,2096.000000,200
6500,00001,,,,,,,,2096.000000,200
