% start	end	CellId	IMSI	RNTI	LCID	nTxPDUs	TxBytes	nRxPDUs	RxBytes	delay	stdDev	min	max	PduSize	stdDev	min	max
0	1	3	1	1	3	1777	2330188	1790	2347314	0.000761101	9.9032e-05	0.000635713	0.00199285	1311.35	105.742	68	2538	
0	1	2	2	1	3	2366	1741697	2369	1607758	0.000943007	0.000285892	0.000635713	0.00283214	678.665	405.695	8	2538	
0	1	1	3	4	3	296	2326897	295	2319027	0.003	0	0.003	0.003	7861.11	152.717	5247	7870	
0	1	1	4	5	3	296	2329520	295	2321650	0.003	0	0.003	0.003	7870	0	7870	7870	
0	1	1	5	3	3	296	2324274	296	2324274	0.003	0	0.003	0.003	7852.28	304.918	2624	7870	
1	2	3	1	1	3	2415	2625134	2458	2666253	0.000802224	0.000146791	0.000635713	0.00202857	1084.72	425.947	50	2344	
1	2	2	2	1	3	2506	1246852	2395	1150261	0.00115949	0.000621045	0.00083214	0.00383214	480.276	296.983	68	1241	
1	2	1	3	4	3	333	2620710	334	2628580	0.003	0	0.003	0.003	7870	0	7870	7870	
1	2	1	4	5	3	333	2620710	333	2620710	0.003	0	0.003	0.003	7870	0	7870	7870	
1	2	1	5	3	3	334	2628580	333	2620710	0.003	0	0.003	0.003	7870	0	7870	7870	
2	3	3	1	1	3	2504	2625081	2534	2651173	0.000786434	0.000128273	0.000635713	0.00158214	1046.24	471.12	50	2344	
2	3	2	2	1	3	2606	668354	2592	660822	0.00114348	0.000542926	0.00083214	0.00383214	254.947	146.035	68	677	
2	3	1	3	4	3	334	2628580	333	2620710	0.003	0	0.003	0.003	7870	0	7870	7870	
2	3	1	4	5	3	333	2620710	334	2628580	0.003	0	0.003	0.003	7870	0	7870	7870	
2	3	1	5	3	3	333	2620710	333	2620710	0.003	0	0.003	0.003	7870	0	7870	7870	
3	4	3	1	1	3	2840	2626074	2872	2644593	0.000784762	0.000138353	0.000635713	0.00177857	920.819	493.58	73	2344	
3	4	2	2	1	3	2931	1988590	2926	1980211	0.0010454	0.000413005	0.00083214	0.00283214	676.764	770.259	68	2538	
3	4	1	3	4	3	333	2620710	333	2620710	0.003	0	0.003	0.003	7870	0	7870	7870	
3	4	1	4	5	3	334	2628580	333	2620710	0.003	0	0.003	0.003	7870	0	7870	7870	
3	4	1	5	3	3	333	2620710	334	2628580	0.003	0	0.003	0.003	7870	0	7870	7870	
4	5	3	1	1	3	2036	2624198	2056	2652492	0.000761607	9.84541e-05	0.000635713	0.00156428	1290.12	231.396	73	2538	
4	5	2	2	1	3	731	94172	733	94714	0.00119367	0.000552188	0.00083214	0.00383214	129.214	57.5692	66	271	
4	5	1	3	4	3	333	2620710	334	2628580	0.003	0	0.003	0.003	7870	0	7870	7870	
4	5	1	4	5	3	333	2620710	333	2620710	0.003	0	0.003	0.003	7870	0	7870	7870	
4	5	1	5	3	3	334	2628580	333	2620710	0.003	0	0.003	0.003	7870	0	7870	7870	
5	6	3	1	1	3	2430	2625211	2466	2659471	0.00080067	0.000139325	0.000635713	0.00156428	1078.46	414.07	8	2344	
5	6	2	2	1	3	2540	1070733	2531	1064713	0.00114822	0.000536102	0.00083214	0.00383214	420.669	256.444	68	1102	
5	6	1	3	4	3	334	2628580	333	2620710	0.003	0	0.003	0.003	7870	0	7870	7870	
5	6	1	4	5	3	333	2620710	334	2628580	0.003	0	0.003	0.003	7870	0	7870	7870	
5	6	1	5	3	3	333	2620710	333	2620710	0.003	0	0.003	0.003	7870	0	7870	7870	
