% start	end	CellId	IMSI	RNTI	LCID	nTxPDUs	TxBytes	nRxPDUs	RxBytes	delay	stdDev	min	max	PduSize	stdDev	min	max
0	1	1	1	2	3	200	262000	173	226630	0.00435923	0.00432384	0.000991562	0.0169916	1310	0	1310	1310	
0	1	1	2	1	3	200	262000	24	31440	0.186976	0.0293315	0.15233	0.22458	1310	0	1310	1310	
0	1	1	3	4	3	1778	2329180	1768	2316080	0.00474552	0.000853933	0.00349665	0.00599665	1310	0	1310	1310	
0	1	1	4	5	3	1778	2329180	1770	2318700	0.00474557	0.000854154	0.00349557	0.00599557	1310	0	1310	1310	
0	1	1	5	3	3	1778	2329180	1772	2321320	0.00474337	0.000854373	0.00349449	0.00599449	1310	0	1310	1310	
1	2	1	1	2	3	200	262000	202	264620	0.00443834	0.00374527	0.000991562	0.0139916	1310	0	1310	1310	
1	2	1	2	1	3	200	262000	83	108730	0.726697	0.0166734	0.69583	0.75308	1310	0	1310	1310	
1	2	1	3	4	3	2000	2620000	2004	2625240	0.00474665	0.000854126	0.00349665	0.00599665	1310	0	1310	1310	
1	2	1	4	5	3	2000	2620000	1998	2617380	0.00474557	0.000854126	0.00349557	0.00599557	1310	0	1310	1310	
1	2	1	5	3	3	2000	2620000	1998	2617380	0.00474449	0.000854126	0.00349449	0.00599449	1310	0	1310	1310	
2	3	1	1	2	3	200	262000	178	233180	0.0028464	0.00292111	0.00106299	0.0110808	1310	0	1310	1310	
2	3	1	2	1	3	200	262000	46	60260	1.46347	0.0242012	1.42358	1.49908	1310	0	1310	1310	
2	3	1	3	4	3	2000	2620000	1998	2617380	0.00474665	0.000854126	0.00349665	0.00599665	1310	0	1310	1310	
2	3	1	4	5	3	2000	2620000	2004	2625240	0.00474557	0.000854126	0.00349557	0.00599557	1310	0	1310	1310	
2	3	1	5	3	3	2000	2620000	1998	2617380	0.00474449	0.000854126	0.00349449	0.00599449	1310	0	1310	1310	
3	4	1	1	2	3	200	262000	197	258070	0.00259136	0.00289995	0.000991562	0.0109916	1310	0	1310	1310	
3	4	1	2	1	3	200	262000	30	39300	1.70883	0.0242401	1.66508	1.74358	1310	0	1310	1310	
3	4	1	3	4	3	2000	2620000	1998	2617380	0.00474665	0.000854126	0.00349665	0.00599665	1310	0	1310	1310	
3	4	1	4	5	3	2000	2620000	1998	2617380	0.00474557	0.000854126	0.00349557	0.00599557	1310	0	1310	1310	
3	4	1	5	3	3	2000	2620000	2004	2625240	0.00474449	0.000854126	0.00349449	0.00599449	1310	0	1310	1310	
4	5	1	1	2	3	200	262000	184	241040	0.00425835	0.00379969	0.000991562	0.0145273	1310	0	1310	1310	
4	5	1	2	1	3	200	262000	1	1310	2.60958	0	2.60958	2.60958	1310	0	1310	1310	
4	5	1	3	4	3	2000	2620000	2004	2625240	0.00474665	0.000854126	0.00349665	0.00599665	1310	0	1310	1310	
4	5	1	4	5	3	2000	2620000	1998	2617380	0.00474557	0.000854126	0.00349557	0.00599557	1310	0	1310	1310	
4	5	1	5	3	3	2000	2620000	1998	2617380	0.00474449	0.000854126	0.00349449	0.00599449	1310	0	1310	1310	
5	6	1	1	2	3	200	262000	167	218770	0.00668051	0.00475448	0.00102728	0.0180273	1310	0	1310	1310	
5	6	1	2	1	3	200	262000	3	3930	3.23975	0.0237557	3.22408	3.26708	1310	0	1310	1310	
5	6	1	3	4	3	2000	2620000	1998	2617380	0.00474665	0.000854126	0.00349665	0.00599665	1310	0	1310	1310	
5	6	1	4	5	3	2000	2620000	2004	2625240	0.00474557	0.000854126	0.00349557	0.00599557	1310	0	1310	1310	
5	6	1	5	3	3	2000	2620000	1998	2617380	0.00474449	0.000854126	0.00349449	0.00599449	1310	0	1310	1310	
