% start	end	CellId	IMSI	RNTI	LCID	nTxPDUs	TxBytes	nRxPDUs	RxBytes	delay	stdDev	min	max	PduSize	stdDev	min	max
0	1	1	1	2	3	1778	2329180	1744	2284640	0.00151804	0.00198908	0.000991562	0.0169916	1310	0	1310	1310	
0	1	1	2	1	3	1778	2329180	640	838400	0.0211543	0.0449165	0.000990482	0.22458	1310	0	1310	1310	
0	1	1	3	4	3	1778	2329180	1768	2316080	0.00474552	0.000853933	0.00349665	0.00599665	1310	0	1310	1310	
0	1	1	4	5	3	1778	2329180	1770	2318700	0.00474557	0.000854154	0.00349557	0.00599557	1310	0	1310	1310	
0	1	1	5	3	3	1778	2329180	1772	2321320	0.00474337	0.000854373	0.00349449	0.00599449	1310	0	1310	1310	
1	2	1	1	2	3	195	255450	202	264620	0.00443834	0.00374527	0.000991562	0.0139916	1310	0	1310	1310	
1	2	1	2	1	3	195	255450	79	103490	0.728238	0.015568	0.70283	0.75308	1310	0	1310	1310	
1	2	1	3	4	3	195	255450	198	259380	0.00474665	0.000856077	0.00349665	0.00599665	1310	0	1310	1310	
1	2	1	4	5	3	195	255450	192	251520	0.00474557	0.000856145	0.00349557	0.00599557	1310	0	1310	1310	
1	2	1	5	3	3	195	255450	198	259380	0.00474449	0.000856077	0.00349449	0.00599449	1310	0	1310	1310	
2	3	1	1	2	3	195	255450	174	227940	0.0028874	0.00294193	0.00106299	0.0110808	1310	0	1310	1310	
2	3	1	2	1	3	195	255450	45	58950	1.46435	0.0237075	1.42508	1.49908	1310	0	1310	1310	
2	3	1	3	4	3	195	255450	198	259380	0.00474665	0.000856077	0.00349665	0.00599665	1310	0	1310	1310	
2	3	1	4	5	3	195	255450	198	259380	0.00474557	0.000856077	0.00349557	0.00599557	1310	0	1310	1310	
2	3	1	5	3	3	195	255450	192	251520	0.00474449	0.000856145	0.00349449	0.00599449	1310	0	1310	1310	
3	4	1	1	2	3	195	255450	193	252830	0.00262452	0.0029207	0.000991562	0.0109916	1310	0	1310	1310	
3	4	1	2	1	3	195	255450	30	39300	1.70883	0.0242401	1.66508	1.74358	1310	0	1310	1310	
3	4	1	3	4	3	195	255450	192	251520	0.00474665	0.000856145	0.00349665	0.00599665	1310	0	1310	1310	
3	4	1	4	5	3	195	255450	198	259380	0.00474557	0.000856077	0.00349557	0.00599557	1310	0	1310	1310	
3	4	1	5	3	3	195	255450	198	259380	0.00474449	0.000856077	0.00349449	0.00599449	1310	0	1310	1310	
4	5	1	1	2	3	195	255450	180	235800	0.00433095	0.00381005	0.000991562	0.0145273	1310	0	1310	1310	
4	5	1	2	1	3	195	255450	0	0	0	0	0	0	0	0	0	0	
4	5	1	3	4	3	195	255450	198	259380	0.00474665	0.000856077	0.00349665	0.00599665	1310	0	1310	1310	
4	5	1	4	5	3	195	255450	192	251520	0.00474557	0.000856145	0.00349557	0.00599557	1310	0	1310	1310	
4	5	1	5	3	3	195	255450	198	259380	0.00474449	0.000856077	0.00349449	0.00599449	1310	0	1310	1310	
5	6	1	1	2	3	195	255450	164	214840	0.00678196	0.00473758	0.00102728	0.0180273	1310	0	1310	1310	
5	6	1	2	1	3	195	255450	3	3930	3.23975	0.0237557	3.22408	3.26708	1310	0	1310	1310	
5	6	1	3	4	3	195	255450	198	259380	0.00474665	0.000856077	0.00349665	0.00599665	1310	0	1310	1310	
5	6	1	4	5	3	195	255450	198	259380	0.00474557	0.000856077	0.00349557	0.00599557	1310	0	1310	1310	
5	6	1	5	3	3	195	255450	192	251520	0.00474449	0.000856145	0.00349449	0.00599449	1310	0	1310	1310	
