% start	end	CellId	IMSI	RNTI	LCID	nTxPDUs	TxBytes	nRxPDUs	RxBytes	delay	stdDev	min	max	PduSize	stdDev	min	max
0	0.25	1	1	2	3	278	364180	275	360250	0.000995848	5.45206e-05	0.000991562	0.00183085	1310	0	1310	1310	
0	0.25	1	2	1	3	278	364180	210	275100	0.00468657	0.00458116	0.00116905	0.0203298	1310	0	1310	1310	
0	0.25	1	3	4	3	278	364180	268	351080	0.00473919	0.000854017	0.00349665	0.00599665	1310	0	1310	1310	
0	0.25	1	4	5	3	278	364180	270	353700	0.00474557	0.000855498	0.00349557	0.00599557	1310	0	1310	1310	
0	0.25	1	5	3	3	278	364180	272	356320	0.00473714	0.000856892	0.00349449	0.00599449	1310	0	1310	1310	
0.25	0.5	1	1	2	3	500	655000	500	655000	0.000997026	6.09336e-05	0.000991562	0.00199156	1310	0	1310	1310	
0.25	0.5	1	2	1	3	500	655000	362	474220	0.00790475	0.00726881	0.000990482	0.0223298	1310	0	1310	1310	
0.25	0.5	1	3	4	3	500	655000	504	660240	0.00474665	0.000854761	0.00349665	0.00599665	1310	0	1310	1310	
0.25	0.5	1	4	5	3	500	655000	498	652380	0.00474557	0.000854771	0.00349557	0.00599557	1310	0	1310	1310	
0.25	0.5	1	5	3	3	500	655000	498	652380	0.00474449	0.000854771	0.00349449	0.00599449	1310	0	1310	1310	
0.5	0.75	1	1	2	3	500	655000	500	655000	0.000997026	6.09336e-05	0.000991562	0.00199156	1310	0	1310	1310	
0.5	0.75	1	2	1	3	500	655000	18	23580	0.0810331	0.0207241	0.000990482	0.0938298	1310	0	1310	1310	
0.5	0.75	1	3	4	3	500	655000	498	652380	0.00474665	0.000854771	0.00349665	0.00599665	1310	0	1310	1310	
0.5	0.75	1	4	5	3	500	655000	504	660240	0.00474557	0.000854761	0.00349557	0.00599557	1310	0	1310	1310	
0.5	0.75	1	5	3	3	500	655000	498	652380	0.00474449	0.000854771	0.00349449	0.00599449	1310	0	1310	1310	
0.75	1	1	1	2	3	500	655000	469	614390	0.00293513	0.00346017	0.000991562	0.0169916	1310	0	1310	1310	
0.75	1	1	2	1	3	500	655000	50	65500	0.16469	0.0297126	0.13733	0.22458	1310	0	1310	1310	
0.75	1	1	3	4	3	500	655000	498	652380	0.00474665	0.000854771	0.00349665	0.00599665	1310	0	1310	1310	
0.75	1	1	4	5	3	500	655000	498	652380	0.00474557	0.000854771	0.00349557	0.00599557	1310	0	1310	1310	
0.75	1	1	5	3	3	500	655000	504	660240	0.00474449	0.000854761	0.00349449	0.00599449	1310	0	1310	1310	
1	1.25	1	1	2	3	500	655000	512	670720	0.00334745	0.00413691	0.000991562	0.0205094	1310	0	1310	1310	
1	1.25	1	2	1	3	500	655000	240	314400	0.27547	0.0276016	0.22858	0.34108	1310	0	1310	1310	
1	1.25	1	3	4	3	500	655000	504	660240	0.00474665	0.000854761	0.00349665	0.00599665	1310	0	1310	1310	
1	1.25	1	4	5	3	500	655000	498	652380	0.00474557	0.000854771	0.00349557	0.00599557	1310	0	1310	1310	
1	1.25	1	5	3	3	500	655000	498	652380	0.00474449	0.000854771	0.00349449	0.00599449	1310	0	1310	1310	
1.25	1.5	1	1	2	3	500	655000	466	610460	0.00357644	0.00416514	0.00102728	0.0190808	1310	0	1310	1310	
1.25	1.5	1	2	1	3	500	655000	60	78600	0.419267	0.0621202	0.35558	0.52983	1310	0	1310	1310	
1.25	1.5	1	3	4	3	500	655000	498	652380	0.00474665	0.000854771	0.00349665	0.00599665	1310	0	1310	1310	
1.25	1.5	1	4	5	3	500	655000	504	660240	0.00474557	0.000854761	0.00349557	0.00599557	1310	0	1310	1310	
1.25	1.5	1	5	3	3	500	655000	498	652380	0.00474449	0.000854771	0.00349449	0.00599449	1310	0	1310	1310	
1.5	1.75	1	1	2	3	500	655000	468	613080	0.00681413	0.00604543	0.00102728	0.020563	1310	0	1310	1310	
1.5	1.75	1	2	1	3	500	655000	160	209600	0.581469	0.0585124	0.52883	0.68408	1310	0	1310	1310	
1.5	1.75	1	3	4	3	500	655000	498	652380	0.00474665	0.000854771	0.00349665	0.00599665	1310	0	1310	1310	
1.5	1.75	1	4	5	3	500	655000	498	652380	0.00474557	0.000854771	0.00349557	0.00599557	1310	0	1310	1310	
1.5	1.75	1	5	3	3	500	655000	504	660240	0.00474449	0.000854761	0.00349449	0.00599449	1310	0	1310	1310	
1.75	2	1	1	2	3	500	655000	512	670720	0.00298396	0.00323715	0.000991562	0.0139916	1310	0	1310	1310	
1.75	2	1	2	1	3	500	655000	354	463740	0.705907	0.0144154	0.68458	0.75308	1310	0	1310	1310	
1.75	2	1	3	4	3	500	655000	504	660240	0.00474665	0.000854761	0.00349665	0.00599665	1310	0	1310	1310	
1.75	2	1	4	5	3	500	655000	498	652380	0.00474557	0.000854771	0.00349557	0.00599557	1310	0	1310	1310	
1.75	2	1	5	3	3	500	655000	498	652380	0.00474449	0.000854771	0.00349449	0.00599449	1310	0	1310	1310	
2	2.25	1	1	2	3	500	655000	464	607840	0.00487591	0.00486623	0.000991562	0.018563	1310	0	1310	1310	
2	2.25	1	2	1	3	500	655000	106	138860	0.861511	0.0368463	0.75408	0.93433	1310	0	1310	1310	
2	2.25	1	3	4	3	500	655000	498	652380	0.00474665	0.000854771	0.00349665	0.00599665	1310	0	1310	1310	
2	2.25	1	4	5	3	500	655000	504	660240	0.00474557	0.000854761	0.00349557	0.00599557	1310	0	1310	1310	
2	2.25	1	5	3	3	500	655000	498	652380	0.00474449	0.000854771	0.00349449	0.00599449	1310	0	1310	1310	
2.25	2.5	1	1	2	3	500	655000	509	666790	0.00344862	0.0037125	0.000991562	0.0160808	1310	0	1310	1310	
2.25	2.5	1	2	1	3	500	655000	134	175540	1.06737	0.0419413	0.96208	1.12558	1310	0	1310	1310	
2.25	2.5	1	3	4	3	500	655000	498	652380	0.00474665	0.000854771	0.00349665	0.00599665	1310	0	1310	1310	
2.25	2.5	1	4	5	3	500	655000	498	652380	0.00474557	0.000854771	0.00349557	0.00599557	1310	0	1310	1310	
2.25	2.5	1	5	3	3	500	655000	504	660240	0.00474449	0.000854761	0.00349449	0.00599449	1310	0	1310	1310	
2.5	2.75	1	1	2	3	500	655000	492	644520	0.00240195	0.00336224	0.000991562	0.0191344	1310	0	1310	1310	
2.5	2.75	1	2	1	3	500	655000	144	188640	1.18661	0.0504736	1.12608	1.30408	1310	0	1310	1310	
2.5	2.75	1	3	4	3	500	655000	504	660240	0.00474665	0.000854761	0.00349665	0.00599665	1310	0	1310	1310	
2.5	2.75	1	4	5	3	500	655000	498	652380	0.00474557	0.000854771	0.00349557	0.00599557	1310	0	1310	1310	
2.5	2.75	1	5	3	3	500	655000	498	652380	0.00474449	0.000854771	0.00349449	0.00599449	1310	0	1310	1310	
2.75	3	1	1	2	3	500	655000	473	619630	0.00362253	0.00369568	0.00102728	0.0160273	1310	0	1310	1310	
2.75	3	1	2	1	3	500	655000	108	141480	1.41106	0.0539899	1.30708	1.49908	1310	0	1310	1310	
2.75	3	1	3	4	3	500	655000	498	652380	0.00474665	0.000854771	0.00349665	0.00599665	1310	0	1310	1310	
2.75	3	1	4	5	3	500	655000	504	660240	0.00474557	0.000854761	0.00349557	0.00599557	1310	0	1310	1310	
2.75	3	1	5	3	3	500	655000	498	652380	0.00474449	0.000854771	0.00349449	0.00599449	1310	0	1310	1310	
3	3.25	1	1	2	3	500	655000	506	662860	0.00511497	0.00487085	0.000991562	0.0185808	1310	0	1310	1310	
3	3.25	1	2	1	3	500	655000	287	375970	1.54866	0.0326333	1.50058	1.60733	1310	0	1310	1310	
3	3.25	1	3	4	3	500	655000	498	652380	0.00474665	0.000854771	0.00349665	0.00599665	1310	0	1310	1310	
3	3.25	1	4	5	3	500	655000	498	652380	0.00474557	0.000854771	0.00349557	0.00599557	1310	0	1310	1310	
3	3.25	1	5	3	3	500	655000	504	660240	0.00474449	0.000854761	0.00349449	0.00599449	1310	0	1310	1310	
3.25	3.5	1	1	2	3	500	655000	488	639280	0.00347685	0.00332052	0.000991562	0.0130808	1310	0	1310	1310	
3.25	3.5	1	2	1	3	500	655000	210	275100	1.68541	0.0499153	1.60783	1.75008	1310	0	1310	1310	
3.25	3.5	1	3	4	3	500	655000	504	660240	0.00474665	0.000854761	0.00349665	0.00599665	1310	0	1310	1310	
3.25	3.5	1	4	5	3	500	655000	498	652380	0.00474557	0.000854771	0.00349557	0.00599557	1310	0	1310	1310	
3.25	3.5	1	5	3	3	500	655000	498	652380	0.00474449	0.000854771	0.00349449	0.00599449	1310	0	1310	1310	
3.5	3.75	1	1	2	3	500	655000	463	606530	0.00298331	0.00345805	0.00100942	0.0170808	1310	0	1310	1310	
3.5	3.75	1	2	1	3	500	655000	961	1258910	1.64504	0.0923266	1.47708	1.76208	1310	0	1310	1310	
3.5	3.75	1	3	4	3	500	655000	498	652380	0.00474665	0.000854771	0.00349665	0.00599665	1310	0	1310	1310	
3.5	3.75	1	4	5	3	500	655000	504	660240	0.00474557	0.000854761	0.00349557	0.00599557	1310	0	1310	1310	
3.5	3.75	1	5	3	3	500	655000	498	652380	0.00474449	0.000854771	0.00349449	0.00599449	1310	0	1310	1310	
3.75	4	1	1	2	3	500	655000	522	683820	0.00309405	0.0040418	0.000991562	0.0190808	1310	0	1310	1310	
3.75	4	1	2	1	3	500	655000	45	58950	1.66072	0.0732868	1.53558	1.74358	1310	0	1310	1310	
3.75	4	1	3	4	3	500	655000	498	652380	0.00474665	0.000854771	0.00349665	0.00599665	1310	0	1310	1310	
3.75	4	1	4	5	3	500	655000	498	652380	0.00474557	0.000854771	0.00349557	0.00599557	1310	0	1310	1310	
3.75	4	1	5	3	3	500	655000	504	660240	0.00474449	0.000854761	0.00349449	0.00599449	1310	0	1310	1310	
4	4.25	1	1	2	3	500	655000	493	645830	0.00299866	0.00385344	0.000991562	0.0179916	1310	0	1310	1310	
4	4.25	1	2	1	3	500	655000	19	24890	1.91283	0.0885898	1.74558	1.98458	1310	0	1310	1310	
4	4.25	1	3	4	3	500	655000	504	660240	0.00474665	0.000854761	0.00349665	0.00599665	1310	0	1310	1310	
4	4.25	1	4	5	3	500	655000	498	652380	0.00474557	0.000854771	0.00349557	0.00599557	1310	0	1310	1310	
4	4.25	1	5	3	3	500	655000	498	652380	0.00474449	0.000854771	0.00349449	0.00599449	1310	0	1310	1310	
4.25	4.5	1	1	2	3	500	655000	500	655000	0.000991562	0	0.000991562	0.000991562	1310	0	1310	1310	
4.25	4.5	1	2	1	3	500	655000	37	48470	2.09803	0.0803857	1.98658	2.18933	1310	0	1310	1310	
4.25	4.5	1	3	4	3	500	655000	498	652380	0.00474665	0.000854771	0.00349665	0.00599665	1310	0	1310	1310	
4.25	4.5	1	4	5	3	500	655000	504	660240	0.00474557	0.000854761	0.00349557	0.00599557	1310	0	1310	1310	
4.25	4.5	1	5	3	3	500	655000	498	652380	0.00474449	0.000854771	0.00349449	0.00599449	1310	0	1310	1310	
4.5	4.75	1	1	2	3	500	655000	488	639280	0.00376487	0.00422917	0.000991562	0.0189916	1310	0	1310	1310	
4.5	4.75	1	2	1	3	500	655000	13	17030	2.31527	0.082276	2.22058	2.41658	1310	0	1310	1310	
4.5	4.75	1	3	4	3	500	655000	498	652380	0.00474665	0.000854771	0.00349665	0.00599665	1310	0	1310	1310	
4.5	4.75	1	4	5	3	500	655000	498	652380	0.00474557	0.000854771	0.00349557	0.00599557	1310	0	1310	1310	
4.5	4.75	1	5	3	3	500	655000	504	660240	0.00474449	0.000854761	0.00349449	0.00599449	1310	0	1310	1310	
4.75	5	1	1	2	3	500	655000	484	634040	0.00223348	0.00282667	0.000991562	0.0145273	1310	0	1310	1310	
4.75	5	1	2	1	3	500	655000	2	2620	2.56745	0.0595737	2.52533	2.60958	1310	0	1310	1310	
4.75	5	1	3	4	3	500	655000	504	660240	0.00474665	0.000854761	0.00349665	0.00599665	1310	0	1310	1310	
4.75	5	1	4	5	3	500	655000	498	652380	0.00474557	0.000854771	0.00349557	0.00599557	1310	0	1310	1310	
4.75	5	1	5	3	3	500	655000	498	652380	0.00474449	0.000854771	0.00349449	0.00599449	1310	0	1310	1310	
5	5.25	1	1	2	3	500	655000	495	648450	0.0043245	0.00421748	0.000991562	0.019063	1310	0	1310	1310	
5	5.25	1	2	1	3	500	655000	198	259380	2.79038	0.0306065	2.72983	2.84683	1310	0	1310	1310	
5	5.25	1	3	4	3	500	655000	498	652380	0.00474665	0.000854771	0.00349665	0.00599665	1310	0	1310	1310	
5	5.25	1	4	5	3	500	655000	504	660240	0.00474557	0.000854761	0.00349557	0.00599557	1310	0	1310	1310	
5	5.25	1	5	3	3	500	655000	498	652380	0.00474449	0.000854771	0.00349449	0.00599449	1310	0	1310	1310	
5.25	5.5	1	1	2	3	500	655000	496	649760	0.00204344	0.00272246	0.000991562	0.0155094	1310	0	1310	1310	
5.25	5.5	1	2	1	3	500	655000	300	393000	2.8893	0.0232965	2.85683	2.95533	1310	0	1310	1310	
5.25	5.5	1	3	4	3	500	655000	498	652380	0.00474665	0.000854771	0.00349665	0.00599665	1310	0	1310	1310	
5.25	5.5	1	4	5	3	500	655000	498	652380	0.00474557	0.000854771	0.00349557	0.00599557	1310	0	1310	1310	
5.25	5.5	1	5	3	3	500	655000	504	660240	0.00474449	0.000854761	0.00349449	0.00599449	1310	0	1310	1310	
5.5	5.75	1	1	2	3	500	655000	493	645830	0.00264536	0.00302113	0.000991562	0.014063	1310	0	1310	1310	
5.5	5.75	1	2	1	3	500	655000	250	327500	2.98239	0.035707	2.95558	3.08008	1310	0	1310	1310	
5.5	5.75	1	3	4	3	500	655000	504	660240	0.00474665	0.000854761	0.00349665	0.00599665	1310	0	1310	1310	
5.5	5.75	1	4	5	3	500	655000	498	652380	0.00474557	0.000854771	0.00349557	0.00599557	1310	0	1310	1310	
5.5	5.75	1	5	3	3	500	655000	498	652380	0.00474449	0.000854771	0.00349449	0.00599449	1310	0	1310	1310	
5.75	6	1	1	2	3	500	655000	453	593430	0.0067664	0.0050229	0.00102728	0.0210808	1310	0	1310	1310	
5.75	6	1	2	1	3	500	655000	53	69430	3.11674	0.0408795	3.08158	3.26708	1310	0	1310	1310	
5.75	6	1	3	4	3	500	655000	498	652380	0.00474665	0.000854771	0.00349665	0.00599665	1310	0	1310	1310	
5.75	6	1	4	5	3	500	655000	504	660240	0.00474557	0.000854761	0.00349557	0.00599557	1310	0	1310	1310	
5.75	6	1	5	3	3	500	655000	498	652380	0.00474449	0.000854771	0.00349449	0.00599449	1310	0	1310	1310	
6	6.25	1	1	2	3	500	655000	492	644520	0.00639516	0.0046572	0.000991562	0.0185273	1310	0	1310	1310	
6	6.25	1	2	1	3	500	655000	68	89080	3.48525	0.0320014	3.32433	3.51058	1310	0	1310	1310	
6	6.25	1	3	4	3	500	655000	498	652380	0.00474665	0.000854771	0.00349665	0.00599665	1310	0	1310	1310	
6	6.25	1	4	5	3	500	655000	498	652380	0.00474557	0.000854771	0.00349557	0.00599557	1310	0	1310	1310	
6	6.25	1	5	3	3	500	655000	504	660240	0.00474449	0.000854761	0.00349449	0.00599449	1310	0	1310	1310	
6.25	6.5	1	1	2	3	500	655000	477	624870	0.00517066	0.0050714	0.00100942	0.0210094	1310	0	1310	1310	
6.25	6.5	1	2	1	3	500	655000	748	979880	3.50711	0.0622783	3.38633	3.60608	1310	0	1310	1310	
6.25	6.5	1	3	4	3	500	655000	504	660240	0.00474665	0.000854761	0.00349665	0.00599665	1310	0	1310	1310	
6.25	6.5	1	4	5	3	500	655000	498	652380	0.00474557	0.000854771	0.00349557	0.00599557	1310	0	1310	1310	
6.25	6.5	1	5	3	3	500	655000	498	652380	0.00474449	0.000854771	0.00349449	0.00599449	1310	0	1310	1310	
