% start	end	CellId	IMSI	RNTI	LCID	nTxPDUs	TxBytes	nRxPDUs	RxBytes	delay	stdDev	min	max	PduSize	stdDev	min	max
0	0.25	3	1	1	3	278	362118	277	360806	0.000744144	1.06708e-05	0.000742855	0.00083214	1302.55	145.697	68	2426	
0	0.25	2	2	1	3	385	361415	386	358196	0.00109255	0.000443975	0.000635713	0.00206428	927.969	319.968	68	1518	
0	0.25	1	3	4	3	46	359397	45	351527	0.003	0	0.003	0.003	7811.71	391.014	5247	7870	
0	0.25	1	4	5	3	46	362020	45	354150	0.003	0	0.003	0.003	7870	0	7870	7870	
0	0.25	1	5	3	3	46	356774	46	356774	0.003	0	0.003	0.003	7755.96	773.481	2624	7870	
0.25	0.5	3	1	1	3	500	656004	501	657316	0.00074731	7.17218e-05	0.000635713	0.00199285	1312.01	77.8584	76	2538	
0.25	0.5	2	2	1	3	585	657779	589	637616	0.000855	0.000207108	0.000635713	0.00181428	1082.54	385.25	8	2538	
0.25	0.5	1	3	4	3	83	653210	84	661080	0.003	0	0.003	0.003	7870	0	7870	7870	
0.25	0.5	1	4	5	3	83	653210	83	653210	0.003	0	0.003	0.003	7870	0	7870	7870	
0.25	0.5	1	5	3	3	84	661080	83	653210	0.003	0	0.003	0.003	7870	0	7870	7870	
0.5	0.75	3	1	1	3	500	656004	501	657316	0.00074731	7.17218e-05	0.000635713	0.00199285	1312.01	77.8584	76	2538	
0.5	0.75	2	2	1	3	743	385981	742	317393	0.000916588	0.000121306	0.000742855	0.00158214	427.753	175.373	96	1312	
0.5	0.75	1	3	4	3	84	661080	83	653210	0.003	0	0.003	0.003	7870	0	7870	7870	
0.5	0.75	1	4	5	3	83	653210	84	661080	0.003	0	0.003	0.003	7870	0	7870	7870	
0.5	0.75	1	5	3	3	83	653210	83	653210	0.003	0	0.003	0.003	7870	0	7870	7870	
0.75	1	3	1	1	3	499	656062	511	671876	0.000797335	0.000149698	0.000689284	0.00174286	1314.83	125.671	543	2070	
0.75	1	2	2	1	3	653	336522	652	294553	0.000964042	0.000322079	0.00083214	0.00283214	451.768	247.643	68	1102	
0.75	1	1	3	4	3	83	653210	83	653210	0.003	0	0.003	0.003	7870	0	7870	7870	
0.75	1	1	4	5	3	84	661080	83	653210	0.003	0	0.003	0.003	7870	0	7870	7870	
0.75	1	1	5	3	3	83	653210	84	661080	0.003	0	0.003	0.003	7870	0	7870	7870	
1	1.25	3	1	1	3	593	655803	601	665686	0.000792801	0.000125457	0.000635713	0.00152857	1107.63	394.972	73	2070	
1	1.25	2	2	1	3	716	352723	692	327162	0.00113994	0.000520822	0.00083214	0.00383214	472.777	239.38	68	1102	
1	1.25	1	3	4	3	83	653210	84	661080	0.003	0	0.003	0.003	7870	0	7870	7870	
1	1.25	1	4	5	3	83	653210	83	653210	0.003	0	0.003	0.003	7870	0	7870	7870	
1	1.25	1	5	3	3	84	661080	83	653210	0.003	0	0.003	0.003	7870	0	7870	7870	
1.25	1.5	3	1	1	3	768	654360	777	660581	0.000794863	0.000152183	0.000635713	0.00156428	850.169	508.252	50	1518	
1.25	1.5	2	2	1	3	559	180006	494	130063	0.00106898	0.000696688	0.00083214	0.00383214	263.285	203.167	68	1102	
1.25	1.5	1	3	4	3	84	661080	83	653210	0.003	0	0.003	0.003	7870	0	7870	7870	
1.25	1.5	1	4	5	3	83	653210	84	661080	0.003	0	0.003	0.003	7870	0	7870	7870	
1.25	1.5	1	5	3	3	83	653210	83	653210	0.003	0	0.003	0.003	7870	0	7870	7870	
1.5	1.75	3	1	1	3	554	658931	571	672110	0.00084318	0.000175966	0.000635713	0.00202857	1177.08	324.301	50	1792	
1.5	1.75	2	2	1	3	504	245951	486	227868	0.00123749	0.000733788	0.00083214	0.00383214	468.864	276.43	68	1241	
1.5	1.75	1	3	4	3	83	653210	83	653210	0.003	0	0.003	0.003	7870	0	7870	7870	
1.5	1.75	1	4	5	3	84	661080	83	653210	0.003	0	0.003	0.003	7870	0	7870	7870	
1.5	1.75	1	5	3	3	83	653210	84	661080	0.003	0	0.003	0.003	7870	0	7870	7870	
1.75	2	3	1	1	3	500	656040	509	667876	0.000778639	0.000113476	0.00065357	0.00151071	1312.13	185.678	269	2344	
1.75	2	2	2	1	3	727	468172	723	465168	0.0011876	0.000561515	0.00083214	0.00383214	643.386	314.788	169	1241	
1.75	2	1	3	4	3	83	653210	84	661080	0.003	0	0.003	0.003	7870	0	7870	7870	
1.75	2	1	4	5	3	83	653210	83	653210	0.003	0	0.003	0.003	7870	0	7870	7870	
1.75	2	1	5	3	3	84	661080	83	653210	0.003	0	0.003	0.003	7870	0	7870	7870	
2	2.25	3	1	1	3	595	656270	602	662008	0.000784413	0.000135469	0.000635713	0.00158214	1099.68	433.135	73	2070	
2	2.25	2	2	1	3	470	147885	466	145158	0.00111969	0.000570734	0.00083214	0.00383214	311.498	136.219	68	677	
2	2.25	1	3	4	3	84	661080	83	653210	0.003	0	0.003	0.003	7870	0	7870	7870	
2	2.25	1	4	5	3	83	653210	84	661080	0.003	0	0.003	0.003	7870	0	7870	7870	
2	2.25	1	5	3	3	83	653210	83	653210	0.003	0	0.003	0.003	7870	0	7870	7870	
2.25	2.5	3	1	1	3	540	656201	548	665252	0.000795383	0.000106466	0.000671427	0.00152857	1213.96	337.376	344	2344	
2.25	2.5	2	2	1	3	625	188582	615	182992	0.00114596	0.000565617	0.00083214	0.00383214	297.548	169.938	68	677	
2.25	2.5	1	3	4	3	83	653210	83	653210	0.003	0	0.003	0.003	7870	0	7870	7870	
2.25	2.5	1	4	5	3	84	661080	83	653210	0.003	0	0.003	0.003	7870	0	7870	7870	
2.25	2.5	1	5	3	3	83	653210	84	661080	0.003	0	0.003	0.003	7870	0	7870	7870	
2.5	2.75	3	1	1	3	610	654948	615	657284	0.00077674	0.000111188	0.000635713	0.00151071	1068.75	461.354	50	1312	
2.5	2.75	2	2	1	3	770	187626	770	188946	0.00112824	0.000510601	0.00083214	0.00283214	245.384	141.072	96	677	
2.5	2.75	1	3	4	3	83	653210	84	661080	0.003	0	0.003	0.003	7870	0	7870	7870	
2.5	2.75	1	4	5	3	83	653210	83	653210	0.003	0	0.003	0.003	7870	0	7870	7870	
2.5	2.75	1	5	3	3	84	661080	83	653210	0.003	0	0.003	0.003	7870	0	7870	7870	
2.75	3	3	1	1	3	759	657662	769	666629	0.00078939	0.000147667	0.000635713	0.00156428	866.878	528.266	50	1518	
2.75	3	2	2	1	3	741	144261	741	143726	0.00117222	0.000538139	0.00083214	0.00283214	193.962	105.004	68	400	
2.75	3	1	3	4	3	84	661080	83	653210	0.003	0	0.003	0.003	7870	0	7870	7870	
2.75	3	1	4	5	3	83	653210	84	661080	0.003	0	0.003	0.003	7870	0	7870	7870	
2.75	3	1	5	3	3	83	653210	83	653210	0.003	0	0.003	0.003	7870	0	7870	7870	
3	3.25	3	1	1	3	802	656876	813	660715	0.000797459	0.000147171	0.000635713	0.00177857	812.688	453.294	73	2070	
3	3.25	2	2	1	3	844	377431	844	377200	0.00101816	0.000398388	0.00083214	0.00283214	446.919	119.24	96	881	
3	3.25	1	3	4	3	83	653210	83	653210	0.003	0	0.003	0.003	7870	0	7870	7870	
3	3.25	1	4	5	3	84	661080	83	653210	0.003	0	0.003	0.003	7870	0	7870	7870	
3	3.25	1	5	3	3	83	653210	84	661080	0.003	0	0.003	0.003	7870	0	7870	7870	
3.25	3.5	3	1	1	3	711	656266	717	661436	0.000785418	0.000134926	0.000635713	0.00156428	922.505	509.01	73	2070	
3.25	3.5	2	2	1	3	793	282237	791	280587	0.00108372	0.000434196	0.00083214	0.00183214	354.724	167.721	96	881	
3.25	3.5	1	3	4	3	83	653210	84	661080	0.003	0	0.003	0.003	7870	0	7870	7870	
3.25	3.5	1	4	5	3	83	653210	83	653210	0.003	0	0.003	0.003	7870	0	7870	7870	
3.25	3.5	1	5	3	3	84	661080	83	653210	0.003	0	0.003	0.003	7870	0	7870	7870	
3.5	3.75	3	1	1	3	731	656641	739	661008	0.000788549	0.00014648	0.000635713	0.00156428	894.463	517.687	73	1792	
3.5	3.75	2	2	1	3	807	1267733	807	1261873	0.000995709	0.00037345	0.00083214	0.00283214	1563.66	990.934	68	2538	
3.5	3.75	1	3	4	3	84	661080	83	653210	0.003	0	0.003	0.003	7870	0	7870	7870	
3.5	3.75	1	4	5	3	83	653210	84	661080	0.003	0	0.003	0.003	7870	0	7870	7870	
3.5	3.75	1	5	3	3	83	653210	83	653210	0.003	0	0.003	0.003	7870	0	7870	7870	
3.75	4	3	1	1	3	596	656291	603	661434	0.000762222	0.000115637	0.000635713	0.00149286	1096.91	447.546	73	2344	
3.75	4	2	2	1	3	487	61189	484	60551	0.00111313	0.000449949	0.00083214	0.00183214	125.105	46.6002	68	271	
3.75	4	1	3	4	3	83	653210	83	653210	0.003	0	0.003	0.003	7870	0	7870	7870	
3.75	4	1	4	5	3	84	661080	83	653210	0.003	0	0.003	0.003	7870	0	7870	7870	
3.75	4	1	5	3	3	83	653210	84	661080	0.003	0	0.003	0.003	7870	0	7870	7870	
4	4.25	3	1	1	3	500	656036	507	665248	0.000759902	0.00010618	0.000635713	0.00149286	1312.13	220.409	75	2538	
4	4.25	2	2	1	3	188	25093	188	25093	0.00126299	0.00058548	0.00083214	0.00383214	133.473	68.9632	68	271	
4	4.25	1	3	4	3	83	653210	84	661080	0.003	0	0.003	0.003	7870	0	7870	7870	
4	4.25	1	4	5	3	83	653210	83	653210	0.003	0	0.003	0.003	7870	0	7870	7870	
4	4.25	1	5	3	3	84	661080	83	653210	0.003	0	0.003	0.003	7870	0	7870	7870	
4.25	4.5	3	1	1	3	500	656000	500	656000	0.000742855	0	0.000742855	0.000742855	1312	0	1312	1312	
4.25	4.5	2	2	1	3	380	49321	383	49959	0.00110368	0.000445336	0.00083214	0.00183214	130.441	47.7632	68	271	
4.25	4.5	1	3	4	3	84	661080	83	653210	0.003	0	0.003	0.003	7870	0	7870	7870	
4.25	4.5	1	4	5	3	83	653210	84	661080	0.003	0	0.003	0.003	7870	0	7870	7870	
4.25	4.5	1	5	3	3	83	653210	83	653210	0.003	0	0.003	0.003	7870	0	7870	7870	
4.5	4.75	3	1	1	3	499	656052	509	671468	0.000770044	0.000128494	0.000635713	0.00151071	1319.19	245.819	75	2538	
4.5	4.75	2	2	1	3	125	16675	125	16675	0.00128814	0.00064137	0.00083214	0.00383214	133.4	66.1569	66	271	
4.5	4.75	1	3	4	3	83	653210	83	653210	0.003	0	0.003	0.003	7870	0	7870	7870	
4.5	4.75	1	4	5	3	84	661080	83	653210	0.003	0	0.003	0.003	7870	0	7870	7870	
4.5	4.75	1	5	3	3	83	653210	84	661080	0.003	0	0.003	0.003	7870	0	7870	7870	
4.75	5	3	1	1	3	537	656110	540	659776	0.000772617	0.000101459	0.000635713	0.00156428	1221.81	308.565	73	1518	
4.75	5	2	2	1	3	38	3083	37	2987	0.00145376	0.000828364	0.00083214	0.00383214	80.7297	28.5342	68	169	
4.75	5	1	3	4	3	83	653210	84	661080	0.003	0	0.003	0.003	7870	0	7870	7870	
4.75	5	1	4	5	3	83	653210	83	653210	0.003	0	0.003	0.003	7870	0	7870	7870	
4.75	5	1	5	3	3	84	661080	83	653210	0.003	0	0.003	0.003	7870	0	7870	7870	
5	5.25	3	1	1	3	500	656072	512	672078	0.000797891	0.000136757	0.00065357	0.00156428	1312.65	132.954	270	2344	
5	5.25	2	2	1	3	710	278622	701	272806	0.00114312	0.000529427	0.00083214	0.00383214	389.167	169.656	68	881	
5	5.25	1	3	4	3	84	661080	83	653210	0.003	0	0.003	0.003	7870	0	7870	7870	
5	5.25	1	4	5	3	83	653210	84	661080	0.003	0	0.003	0.003	7870	0	7870	7870	
5	5.25	1	5	3	3	83	653210	83	653210	0.003	0	0.003	0.003	7870	0	7870	7870	
5.25	5.5	3	1	1	3	500	656020	504	661282	0.000789765	8.44428e-05	0.000689284	0.00156428	1312.07	61.4167	544	2070	
5.25	5.5	2	2	1	3	750	390663	748	389659	0.00115567	0.000511849	0.00083214	0.00283214	520.934	275.708	68	1102	
5.25	5.5	1	3	4	3	83	653210	83	653210	0.003	0	0.003	0.003	7870	0	7870	7870	
5.25	5.5	1	4	5	3	84	661080	83	653210	0.003	0	0.003	0.003	7870	0	7870	7870	
5.25	5.5	1	5	3	3	83	653210	84	661080	0.003	0	0.003	0.003	7870	0	7870	7870	
5.5	5.75	3	1	1	3	645	656124	656	663516	0.000787117	0.000142074	0.000635713	0.00156428	1011.46	476.199	50	1792	
5.5	5.75	2	2	1	3	742	329058	742	329289	0.0011785	0.000554682	0.00083214	0.00283214	443.786	290.148	68	1102	
5.5	5.75	1	3	4	3	83	653210	84	661080	0.003	0	0.003	0.003	7870	0	7870	7870	
5.5	5.75	1	4	5	3	83	653210	83	653210	0.003	0	0.003	0.003	7870	0	7870	7870	
5.5	5.75	1	5	3	3	84	661080	83	653210	0.003	0	0.003	0.003	7870	0	7870	7870	
5.75	6	3	1	1	3	785	656995	794	662595	0.00082058	0.000162674	0.000635713	0.00156428	834.503	445.498	8	1792	
5.75	6	2	2	1	3	338	72390	340	72959	0.00107626	0.000555844	0.00083214	0.00383214	214.585	108.85	68	400	
5.75	6	1	3	4	3	84	661080	83	653210	0.003	0	0.003	0.003	7870	0	7870	7870	
5.75	6	1	4	5	3	83	653210	84	661080	0.003	0	0.003	0.003	7870	0	7870	7870	
5.75	6	1	5	3	3	83	653210	83	653210	0.003	0	0.003	0.003	7870	0	7870	7870	
6	6.25	3	1	1	3	553	656268	570	673098	0.000834302	0.000150756	0.000635713	0.00156428	1180.87	355.264	73	2070	
6	6.25	2	2	1	3	349	113431	327	101193	0.00113183	0.000587785	0.00083214	0.00383214	309.459	181.873	68	677	
6	6.25	1	3	4	3	83	653210	83	653210	0.003	0	0.003	0.003	7870	0	7870	7870	
6	6.25	1	4	5	3	84	661080	83	653210	0.003	0	0.003	0.003	7870	0	7870	7870	
6	6.25	1	5	3	3	83	653210	84	661080	0.003	0	0.003	0.003	7870	0	7870	7870	
6.25	6.5	3	1	1	3	538	656152	551	672952	0.000811561	0.000152737	0.000635713	0.00156428	1221.33	323.599	73	2070	
6.25	6.5	2	2	1	3	803	989653	802	982729	0.00107404	0.000488408	0.00083214	0.00383214	1225.35	1047.6	96	2538	
6.25	6.5	1	3	4	3	83	653210	84	661080	0.003	0	0.003	0.003	7870	0	7870	7870	
6.25	6.5	1	4	5	3	83	653210	83	653210	0.003	0	0.003	0.003	7870	0	7870	7870	
6.25	6.5	1	5	3	3	84	661080	83	653210	0.003	0	0.003	0.003	7870	0	7870	7870	
