timestamp,ueImsiComplete,plmId,nrCellId,dlAvailablePrbs,ulAvailablePrbs,qci,dlPrbUsage,ulPrbUsage,TB.TotNbrDl.1,TB.TotNbrDlInitial,TB.TotNbrDlInitial.Qpsk,TB.TotNbrDlInitial.16Qam,TB.TotNbrDlInitial.64Qam,RRU.PrbUsedDl,TB.ErrTotalNbrDl.1,QosFlow.PdcpPduVolumeDL_Filter,CARR.PDSCHMCSDist.Bin1,CARR.PDSCHMCSDist.Bin2,CARR.PDSCHMCSDist.Bin3,CARR.PDSCHMCSDist.Bin4,CARR.PDSCHMCSDist.Bin5,CARR.PDSCHMCSDist.Bin6,L1M.RS-SINR.Bin34,L1M.RS-SINR.Bin46, L1M.RS-SINR.Bin58,L1M.RS-SINR.Bin70,L1M.RS-SINR.Bin82,L1M.RS-SINR.Bin94,L1M.RS-SINR.Bin127,DRB.BufferSize.Qos,DRB.MeanActiveUeDl,TB.TotNbrDl.1.UEID,TB.TotNbrDlInitial.UEID,TB.TotNbrDlInitial.Qpsk.UEID,TB.TotNbrDlInitial.16Qam.UEID,TB.TotNbrDlInitial.64Qam.UEID,TB.ErrTotalNbrDl.1.UEID,QosFlow.PdcpPduVolumeDL_Filter.UEID,RRU.PrbUsedDl.UEID,CARR.PDSCHMCSDist.Bin1.UEID,CARR.PDSCHMCSDist.Bin2.UEID,CARR.PDSCHMCSDist.Bin3.UEID,CARR.PDSCHMCSDist.Bin4.UEID,CARR.PDSCHMCSDist.Bin5.UEID,CARR.PDSCHMCSDist.Bin6.UEID,L1M.RS-SINR.Bin34.UEID, L1M.RS-SINR.Bin46.UEID,L1M.RS-SINR.Bin58.UEID,L1M.RS-SINR.Bin70.UEID,L1M.RS-SINR.Bin82.UEID,L1M.RS-SINR.Bin94.UEID,L1M.RS-SINR.Bin127.UEID,DRB.BufferSize.Qos.UEID,DRB.UEThpDl.UEID, DRB.UEThpDlPdcpBased.UEID
100,00001,111,3,139,139,1,0,0,0,0,0,0,0,0,0,0,0,0,0,0,0,0,0,0,0,0,0,0,0,0,1,0,0,0,0,0,0,0,0.000000,0,0,0,0,0,0,0,0,0,0,0,0,0,0,0.000000,0.000000
200,00001,111,3,139,139,1,22,0,177,177,3,0,174,31,0,259483,3,0,0,0,0,174,0,0,0,0,0,0,177,0,1,177,177,3,0,174,0,259483,31.250179,3,0,0,0,0,174,0,0,0,0,0,0,177,0,0.000000,0.000000
300,00001,111,3,139,139,1,24,0,200,200,0,0,200,34,0,296574,0,0,0,0,0,200,0,0,0,0,0,0,200,0,1,200,200,0,0,200,0,296574,34.750000,0,0,0,0,0,200,0,0,0,0,0,0,200,0,13932.000000,18340.000000
400,00001,111,3,139,139,1,24,0,201,199,0,0,201,34,2,298058,0,0,0,0,0,201,0,0,0,0,0,0,201,74,1,201,199,0,0,201,2,298058,34.923750,0,0,0,0,0,201,0,0,0,0,0,0,201,74,14036.000000,20960.000000
500,00001,111,3,139,139,1,24,0,201,201,0,0,201,34,0,298066,0,0,0,0,0,201,0,0,0,0,0,5,196,0,1,201,201,0,0,201,0,298066,34.898929,0,0,0,0,0,201,0,0,0,0,0,5,196,0,13995.000000,20855.000000
600,00001,111,3,139,139,1,24,0,200,200,0,0,200,34,0,296800,0,0,0,0,0,200,0,0,0,0,0,1,199,0,1,200,200,0,0,200,0,296800,34.750000,0,0,0,0,0,200,0,0,0,0,0,1,199,0,14030.000000,21064.000000
700,00001,111,3,139,139,1,25,0,202,200,0,0,202,35,2,299211,0,0,0,0,0,202,0,0,0,0,0,9,193,0,1,202,200,0,0,202,2,299211,35.072679,0,0,0,0,0,202,0,0,0,0,0,9,193,0,14050.000000,20960.000000
800,00001,111,3,139,139,1,24,0,200,200,0,0,200,34,0,296800,0,0,0,0,0,200,0,0,0,0,0,0,200,0,1,200,200,0,0,200,0,296800,34.750000,0,0,0,0,0,200,0,0,0,0,0,0,200,0,14028.000000,20960.000000
900,00001,111,3,139,139,1,33,0,211,199,0,0,211,47,12,290383,0,0,0,0,204,7,0,0,0,0,100,110,1,0,1,211,199,0,0,211,12,290383,47.061429,0,0,0,0,204,7,0,0,0,0,100,110,1,0,14042.000000,20960.000000
1000,00001,111,3,139,139,1,31,0,222,200,0,0,222,44,22,306724,0,0,0,0,151,71,0,0,0,0,31,191,0,0,1,222,200,0,0,222,22,306724,44.455179,0,0,0,0,151,71,0,0,0,0,31,191,0,0,13899.000000,20540.000000
1100,00001,111,3,139,139,1,28,0,204,200,0,0,204,40,4,281578,0,0,0,0,176,28,0,0,0,0,1,203,0,0,1,204,200,0,0,204,4,281578,40.210714,0,0,0,0,176,28,0,0,0,0,1,203,0,0,0.000000,0.000000
1200,00001,111,3,139,139,1,36,0,216,200,0,0,216,51,16,293552,0,0,0,0,216,0,0,0,0,0,199,17,0,0,1,216,200,0,0,216,16,293552,51.132143,0,0,0,0,216,0,0,0,0,0,199,17,0,0,13589.000000,22741.000000
1300,00001,111,3,139,139,1,60,0,412,388,0,334,78,84,24,286353,0,0,194,212,6,0,0,0,0,283,129,0,0,431,1,412,388,0,334,78,24,286353,84.417679,0,0,194,212,6,0,0,0,0,283,129,0,0,431,13243.000000,20540.000000
1400,00001,111,3,139,139,1,46,0,357,349,0,8,349,64,8,277526,0,0,7,295,55,0,0,0,0,5,352,0,0,71,1,357,349,0,8,349,8,277526,64.014464,0,0,7,295,55,0,0,0,0,5,352,0,0,71,10019.000000,19178.000000
1500,00001,111,3,139,139,1,43,0,250,224,0,22,228,61,26,305965,0,0,0,73,177,0,0,0,0,27,223,0,0,2679,1,250,224,0,22,228,26,305965,61.184821,0,0,0,73,177,0,0,0,0,27,223,0,0,2679,9402.000000,22112.000000
1600,00001,111,3,139,139,1,33,0,206,202,0,0,206,47,4,278243,0,0,0,6,200,0,0,0,0,0,205,1,0,0,1,206,202,0,0,206,4,278243,47.334464,0,0,0,6,200,0,0,0,0,0,205,1,0,0,9697.000000,17920.000000
1700,00001,111,3,139,139,1,52,0,294,238,0,77,217,73,56,336048,0,0,20,113,161,0,0,0,0,60,234,0,0,0,1,294,238,0,77,217,56,336048,73.570714,0,0,20,113,161,0,0,0,0,60,234,0,0,0,10153.000000,22531.000000
1800,00001,111,3,139,139,1,39,0,221,214,0,0,221,55,7,284877,0,0,0,28,193,0,0,0,0,0,221,0,0,0,1,221,214,0,0,221,7,284877,55.748929,0,0,0,28,193,0,0,0,0,0,221,0,0,0,10082.000000,15929.000000
1900,00001,111,3,139,139,1,27,0,208,200,0,0,208,38,8,288026,0,0,0,0,91,117,0,0,0,0,2,205,1,0,1,208,200,0,0,208,8,288026,38.498036,0,0,0,0,91,117,0,0,0,0,2,205,1,0,10287.000000,23055.000000
2000,00001,111,3,139,139,1,26,0,212,200,0,0,212,37,12,297365,0,0,0,0,16,196,0,0,0,0,0,150,62,0,1,212,200,0,0,212,12,297365,37.232143,0,0,0,0,16,196,0,0,0,0,0,150,62,0,10576.000000,20016.000000
2100,00001,111,3,139,139,1,44,0,301,283,0,0,301,62,18,297060,0,0,0,181,113,7,0,0,0,0,298,3,0,0,1,301,283,0,0,301,18,297060,62.971964,0,0,0,181,113,7,0,0,0,0,298,3,0,0,0.000000,0.000000
2200,00001,111,3,139,139,1,25,0,200,200,0,0,200,35,0,296304,0,0,0,0,5,195,0,0,0,0,3,192,5,0,1,200,200,0,0,200,0,296304,35.196786,0,0,0,0,5,195,0,0,0,0,3,192,5,0,9360.000000,17082.000000
2300,00001,111,3,139,139,1,48,0,272,252,30,81,161,67,20,293654,0,30,81,0,136,25,0,0,84,29,0,159,0,0,1,272,252,30,81,161,20,293654,67.042679,0,30,81,0,136,25,0,0,84,29,0,159,0,0,11233.000000,23684.000000
2400,00001,111,3,139,139,1,30,0,209,200,0,0,209,42,9,287315,0,0,0,0,162,47,0,0,0,0,33,165,11,0,1,209,200,0,0,209,9,287315,42.022679,0,0,0,0,162,47,0,0,0,0,33,165,11,0,10760.000000,17501.000000
2500,00001,111,3,139,139,1,31,0,206,200,0,0,206,44,6,282479,0,0,0,0,206,0,0,0,0,0,74,132,0,0,1,206,200,0,0,206,6,282479,44.504821,0,0,0,0,206,0,0,0,0,0,74,132,0,0,11340.000000,22951.000000
2600,00001,111,3,139,139,1,41,0,253,243,0,0,253,57,10,282720,0,0,0,92,161,0,0,0,0,0,250,3,0,0,1,253,243,0,0,253,10,282720,57.734643,0,0,0,92,161,0,0,0,0,0,250,3,0,0,11692.000000,20750.000000
2700,00001,111,3,139,139,1,25,0,200,200,0,0,200,35,0,296350,0,0,0,0,5,195,0,0,0,0,3,0,197,0,1,200,200,0,0,200,0,296350,35.246429,0,0,0,0,5,195,0,0,0,0,3,0,197,0,11488.000000,20750.000000
2800,00001,111,3,139,139,1,45,0,317,300,0,41,276,63,17,293954,0,0,0,214,94,9,0,0,0,41,272,0,4,0,1,317,300,0,41,276,17,293954,63.766250,0,0,0,214,94,9,0,0,0,41,272,0,4,0,11798.000000,21064.000000
2900,00001,111,3,139,139,1,41,0,279,269,0,0,279,57,10,283436,0,0,0,146,133,0,0,0,0,0,279,0,0,0,1,279,269,0,0,279,10,283436,57.833929,0,0,0,146,133,0,0,0,0,0,279,0,0,0,11343.000000,20121.000000
3000,00001,111,3,139,139,1,51,0,376,356,0,211,165,71,20,285661,0,0,11,327,38,0,0,0,0,164,212,0,0,210,1,376,356,0,211,165,20,285661,71.287143,0,0,11,327,38,0,0,0,0,164,212,0,0,210,11170.000000,20540.000000
3100,00001,111,3,139,139,1,64,0,410,389,0,405,5,90,21,287634,0,0,238,171,1,0,0,0,0,366,44,0,0,210,1,410,389,0,405,5,21,287634,90.623036,0,0,238,171,1,0,0,0,0,366,44,0,0,210,0.000000,0.000000
3200,00001,111,3,139,139,1,46,0,335,314,0,74,261,65,21,284847,0,0,10,243,82,0,0,0,0,60,275,0,0,0,1,335,314,0,74,261,21,284847,65.205893,0,0,10,243,82,0,0,0,0,60,275,0,0,0,6641.000000,22008.000000
3300,00001,111,3,139,139,1,27,0,206,200,0,0,206,38,6,283505,0,0,0,0,89,117,0,0,0,0,4,202,0,0,1,206,200,0,0,206,6,283505,38.398750,0,0,0,0,89,117,0,0,0,0,4,202,0,0,7388.000000,20540.000000
3400,00001,111,3,139,139,1,47,0,317,305,0,152,165,66,12,285853,0,0,34,189,94,0,0,0,0,155,161,1,0,0,1,317,305,0,152,165,12,285853,66.943393,0,0,34,189,94,0,0,0,0,155,161,1,0,0,8739.000000,20750.000000
3500,00001,111,3,139,139,1,45,0,321,305,0,42,279,63,16,286188,0,0,0,223,98,0,0,0,0,37,284,0,0,210,1,321,305,0,42,279,16,286188,63.518036,0,0,0,223,98,0,0,0,0,37,284,0,0,210,8735.000000,18759.000000
3600,00001,111,3,139,139,1,49,0,386,365,0,193,193,69,21,281752,0,0,0,356,30,0,0,0,0,136,250,0,0,71,1,386,365,0,193,193,21,281752,69.872321,0,0,0,356,30,0,0,0,0,136,250,0,0,71,8730.000000,22112.000000
3700,00001,111,3,139,139,1,33,0,213,207,0,0,213,47,6,279696,0,0,0,13,200,0,0,0,0,0,212,1,0,0,1,213,207,0,0,213,6,279696,47.235179,0,0,0,13,200,0,0,0,0,0,212,1,0,0,8450.000000,20016.000000
3800,00001,111,3,139,139,1,48,0,371,348,0,103,268,68,23,287080,0,0,0,323,48,0,0,0,0,134,237,0,0,210,1,371,348,0,103,268,23,287080,68.085179,0,0,0,323,48,0,0,0,0,134,237,0,0,210,8885.000000,19702.000000
3900,00001,111,3,139,139,1,25,0,208,208,0,14,194,36,0,296487,0,0,0,14,0,194,0,0,0,10,1,0,197,0,1,208,208,0,14,194,0,296487,36.189643,0,0,0,14,0,194,0,0,0,10,1,0,197,0,8703.000000,20435.000000
4000,00001,111,3,139,139,1,26,0,210,200,0,0,210,37,10,298918,0,0,0,0,25,185,0,0,0,0,0,23,187,0,1,210,200,0,0,210,10,298918,37.108036,0,0,0,0,25,185,0,0,0,0,0,23,187,0,9064.000000,22427.000000
4100,00001,111,3,139,139,1,24,0,200,200,0,0,200,34,0,296461,0,0,0,0,0,200,0,0,0,0,0,0,200,0,1,200,200,0,0,200,0,296461,34.750000,0,0,0,0,0,200,0,0,0,0,0,0,200,0,0.000000,0.000000
4200,00001,111,3,139,139,1,26,0,216,199,0,0,216,37,17,314078,0,0,0,0,0,216,0,0,0,0,0,0,216,1298,1,216,199,0,0,216,17,314078,37.405893,0,0,0,0,0,216,0,0,0,0,0,0,216,1298,14129.000000,20960.000000
4300,00001,111,3,139,139,1,25,0,202,201,0,0,202,35,1,299550,0,0,0,0,0,202,0,0,0,0,0,0,202,0,1,202,201,0,0,202,1,299550,35.072679,0,0,0,0,0,202,0,0,0,0,0,0,202,0,13768.000000,18340.000000
4400,00001,111,3,139,139,1,24,0,200,200,0,0,200,34,0,296800,0,0,0,0,0,200,0,0,0,0,0,0,200,0,1,200,200,0,0,200,0,296800,34.750000,0,0,0,0,0,200,0,0,0,0,0,0,200,0,13864.000000,22846.000000
4500,00001,111,3,139,139,1,24,0,200,200,0,0,200,34,0,296800,0,0,0,0,0,200,0,0,0,0,0,0,200,0,1,200,200,0,0,200,0,296800,34.750000,0,0,0,0,0,200,0,0,0,0,0,0,200,0,13929.000000,20960.000000
4600,00001,111,3,139,139,1,28,0,224,199,0,0,224,39,25,322486,0,0,0,0,22,202,0,0,0,0,0,47,177,0,1,224,199,0,0,224,25,322486,39.639821,0,0,0,0,22,202,0,0,0,0,0,47,177,0,13968.000000,20960.000000
4700,00001,111,3,139,139,1,25,0,202,200,0,0,202,35,2,299098,0,0,0,0,0,202,0,0,0,0,0,0,202,0,1,202,200,0,0,202,2,299098,35.072679,0,0,0,0,0,202,0,0,0,0,0,0,202,0,13836.000000,18654.000000
4800,00001,111,3,139,139,1,24,0,200,200,0,0,200,34,0,295444,0,0,0,0,0,200,0,0,0,0,0,0,200,0,1,200,200,0,0,200,0,295444,34.750000,0,0,0,0,0,200,0,0,0,0,0,0,200,0,13861.000000,22008.000000
4900,00001,111,3,139,139,1,24,0,200,200,0,0,200,34,0,296800,0,0,0,0,0,200,0,0,0,0,0,0,200,0,1,200,200,0,0,200,0,296800,34.750000,0,0,0,0,0,200,0,0,0,0,0,0,200,0,13893.000000,20960.000000
5000,00001,111,3,139,139,1,41,0,253,237,0,0,253,58,16,297127,0,0,0,84,158,11,0,0,0,0,241,5,7,0,1,253,237,0,0,253,16,297127,58.504107,0,0,0,84,158,11,0,0,0,0,241,5,7,0,13919.000000,20960.000000
5100,00001,111,3,139,139,1,25,0,204,200,0,0,204,35,4,297876,0,0,0,0,9,195,0,0,0,0,4,189,11,0,1,204,200,0,0,204,4,297876,35.817321,0,0,0,0,9,195,0,0,0,0,4,189,11,0,0.000000,0.000000
5200,00001,111,3,139,139,1,36,0,224,199,0,0,224,51,25,306190,0,0,0,0,213,11,0,0,0,0,161,63,0,890,1,224,199,0,0,224,25,306190,51.107321,0,0,0,0,213,11,0,0,0,0,161,63,0,890,13871.000000,21798.000000
5300,00001,111,3,139,139,1,33,0,210,201,0,0,210,46,9,288273,0,0,0,0,205,5,0,0,0,0,104,106,0,0,1,210,201,0,0,210,9,288273,46.713929,0,0,0,0,205,5,0,0,0,0,104,106,0,0,13254.000000,16977.000000
5400,00001,111,3,139,139,1,28,0,202,200,0,0,202,40,2,279315,0,0,0,0,198,4,0,0,0,0,0,202,0,0,1,202,200,0,0,202,2,279315,40.012143,0,0,0,0,198,4,0,0,0,0,0,202,0,0,13226.000000,23475.000000
5500,00001,111,3,139,139,1,38,0,206,200,0,0,206,54,6,285927,0,0,0,0,206,0,0,0,0,0,198,8,0,0,1,206,200,0,0,206,6,285927,54.408571,0,0,0,0,206,0,0,0,0,0,198,8,0,0,13337.000000,20855.000000
5600,00001,111,3,139,139,1,25,0,202,200,0,0,202,35,2,298303,0,0,0,0,11,191,0,0,0,0,9,0,193,0,1,202,200,0,0,202,2,298303,35.618750,0,0,0,0,11,191,0,0,0,0,9,0,193,0,13225.000000,20750.000000
5700,00001,111,3,139,139,1,42,0,264,248,0,0,264,59,16,292895,0,0,0,110,142,12,0,0,0,0,256,0,8,71,1,264,248,0,0,264,16,292895,59.447321,0,0,0,110,142,12,0,0,0,0,256,0,8,71,13344.000000,20960.000000
5800,00001,111,3,139,139,1,58,0,415,390,0,341,74,82,25,286157,0,0,127,288,0,0,0,0,0,286,129,0,0,431,1,415,390,0,341,74,25,286157,82.605714,0,0,127,288,0,0,0,0,0,286,129,0,0,431,12823.000000,20435.000000
5900,00001,111,3,139,139,1,60,0,391,362,0,166,225,84,29,291703,0,0,139,215,37,0,0,0,11,129,251,0,0,71,1,391,362,0,166,225,29,291703,84.070179,0,0,139,215,37,0,0,0,11,129,251,0,0,71,11507.000000,20331.000000
6000,00001,111,3,139,139,1,44,0,269,230,0,47,222,62,39,313447,0,0,0,88,181,0,0,0,0,36,233,0,0,0,1,269,230,0,47,222,39,313447,62.177679,0,0,0,88,181,0,0,0,0,36,233,0,0,0,10793.000000,19912.000000
6100,00001,111,3,139,139,1,49,0,272,247,29,12,231,69,25,302030,0,29,12,65,166,0,0,0,47,0,213,12,0,0,1,272,247,29,12,231,25,302030,69.202143,0,29,12,65,166,0,0,0,47,0,213,12,0,0,0.000000,0.000000
6200,00001,111,3,139,139,1,40,0,228,206,0,0,228,56,22,302727,0,0,0,22,206,0,0,0,0,0,207,21,0,0,1,228,206,0,0,228,22,302727,56.766607,0,0,0,22,206,0,0,0,0,0,207,21,0,0,10124.000000,20645.000000
6300,00001,111,3,139,139,1,36,0,219,201,0,0,219,51,18,300638,0,0,0,0,211,8,0,0,0,0,142,77,0,0,1,219,201,0,0,219,18,300638,51.032857,0,0,0,0,211,8,0,0,0,0,142,77,0,0,11022.000000,20435.000000
6400,00001,111,3,139,139,1,33,0,214,200,0,0,214,46,14,291764,0,0,0,0,210,4,0,0,0,0,159,55,0,0,1,214,200,0,0,214,14,291764,46.986964,0,0,0,0,210,4,0,0,0,0,159,55,0,0,11527.000000,17711.000000
6500,00001,111,3,139,139,1,41,0,252,238,0,0,252,57,14,292616,0,0,0,83,169,0,0,0,0,0,246,6,0,0,1,252,238,0,0,252,14,292616,57.163750,0,0,0,83,169,0,0,0,0,0,246,6,0,0,11866.000000,23265.000000
