timestamp,ueImsiComplete,plmId,nrCellId,dlAvailablePrbs,ulAvailablePrbs,qci,dlPrbUsage,ulPrbUsage,TB.TotNbrDl.1,TB.TotNbrDlInitial,TB.TotNbrDlInitial.Qpsk,TB.TotNbrDlInitial.16Qam,TB.TotNbrDlInitial.64Qam,RRU.PrbUsedDl,TB.ErrTotalNbrDl.1,QosFlow.PdcpPduVolumeDL_Filter,CARR.PDSCHMCSDist.Bin1,CARR.PDSCHMCSDist.Bin2,CARR.PDSCHMCSDist.Bin3,CARR.PDSCHMCSDist.Bin4,CARR.PDSCHMCSDist.Bin5,CARR.PDSCHMCSDist.Bin6,L1M.RS-SINR.Bin34,L1M.RS-SINR.Bin46, L1M.RS-SINR.Bin58,L1M.RS-SINR.Bin70,L1M.RS-SINR.Bin82,L1M.RS-SINR.Bin94,L1M.RS-SINR.Bin127,DRB.BufferSize.Qos,DRB.MeanActiveUeDl,TB.TotNbrDl.1.UEID,TB.TotNbrDlInitial.UEID,TB.TotNbrDlInitial.Qpsk.UEID,TB.TotNbrDlInitial.16Qam.UEID,TB.TotNbrDlInitial.64Qam.UEID,TB.ErrTotalNbrDl.1.UEID,QosFlow.PdcpPduVolumeDL_Filter.UEID,RRU.PrbUsedDl.UEID,CARR.PDSCHMCSDist.Bin1.UEID,CARR.PDSCHMCSDist.Bin2.UEID,CARR.PDSCHMCSDist.Bin3.UEID,CARR.PDSCHMCSDist.Bin4.UEID,CARR.PDSCHMCSDist.Bin5.UEID,CARR.PDSCHMCSDist.Bin6.UEID,L1M.RS-SINR.Bin34.UEID, L1M.RS-SINR.Bin46.UEID,L1M.RS-SINR.Bin58.UEID,L1M.RS-SINR.Bin70.UEID,L1M.RS-SINR.Bin82.UEID,L1M.RS-SINR.Bin94.UEID,L1M.RS-SINR.Bin127.UEID,DRB.BufferSize.Qos.UEID,DRB.UEThpDl.UEID, DRB.UEThpDlPdcpBased.UEID
100,00002,111,2,139,139,1,0,0,0,0,0,0,0,0,0,0,0,0,0,0,0,0,0,0,0,0,0,0,0,0,1,0,0,0,0,0,0,0,0.000000,0,0,0,0,0,0,0,0,0,0,0,0,0,0,0.000000,0.000000
200,00002,111,2,139,139,1,71,0,349,267,7,330,12,100,82,320225,3,4,170,172,0,0,0,0,4,322,23,0,0,1076,1,349,267,7,330,12,82,320225,100.650893,3,4,170,172,0,0,0,0,4,322,23,0,0,1076,0.000000,0.000000
300,00002,111,2,139,139,1,56,0,308,237,0,9,299,79,71,367650,0,0,2,152,154,0,0,0,0,1,307,0,0,0,1,308,237,0,9,299,71,367650,79.006607,0,0,2,152,154,0,0,0,0,1,307,0,0,0,6060.000000,17920.000000
400,00002,111,2,139,139,1,66,0,359,265,11,180,168,92,94,364477,0,11,101,141,106,0,0,0,26,185,148,0,0,0,1,359,265,11,180,168,94,364477,92.583929,0,11,101,141,106,0,0,0,26,185,148,0,0,0,7393.000000,11318.000000
500,00002,111,2,139,139,1,25,0,202,200,0,0,202,35,2,297336,0,0,0,0,4,198,0,0,0,0,1,102,99,0,1,202,200,0,0,202,2,297336,35.420179,0,0,0,0,4,198,0,0,0,0,1,102,99,0,7555.000000,7860.000000
600,00002,111,2,139,139,1,84,0,396,295,355,35,6,117,101,144588,4,351,35,0,0,6,0,4,356,35,0,1,0,154044,1,396,295,355,35,6,101,144588,117.206786,4,351,35,0,0,6,0,4,356,35,0,1,0,154044,8609.000000,22846.000000
700,00002,111,2,139,139,1,85,0,400,298,34,366,0,119,102,282675,2,32,312,54,0,0,0,2,127,271,0,0,0,196370,1,400,298,34,366,0,102,282675,119.142857,2,32,312,54,0,0,0,2,127,271,0,0,0,196370,7268.000000,104.000000
800,00002,111,2,139,139,1,85,0,400,299,322,78,0,119,101,163752,0,322,77,1,0,0,0,5,327,68,0,0,0,331210,1,400,299,322,78,0,101,163752,119.142857,0,322,77,1,0,0,0,5,327,68,0,0,0,331210,6903.000000,1362.000000
900,00002,111,2,139,139,1,85,0,400,303,59,341,0,119,97,288525,0,59,305,36,0,0,0,0,93,307,0,0,0,370719,1,400,303,59,341,0,97,288525,119.142857,0,59,305,36,0,0,0,0,93,307,0,0,0,370719,6297.000000,419.000000
1000,00002,111,2,139,139,1,60,0,284,202,278,6,0,84,82,64858,181,97,6,0,0,0,16,161,105,2,0,0,0,591359,1,284,202,278,6,0,82,64858,84.591429,181,97,6,0,0,0,16,161,105,2,0,0,0,591359,6234.000000,2724.000000
1100,00002,111,2,139,139,1,84,0,394,294,192,202,0,117,100,208910,1,191,202,0,0,0,1,0,241,152,0,0,0,711801,1,394,294,192,202,0,100,208910,117.355714,1,191,202,0,0,0,1,0,241,152,0,0,0,711801,0.000000,0.000000
1200,00002,111,2,139,139,1,85,0,400,294,170,230,0,119,106,258588,4,166,183,47,0,0,0,5,199,196,0,0,0,810224,1,400,294,170,230,0,106,258588,119.142857,4,166,183,47,0,0,0,5,199,196,0,0,0,810224,3267.000000,11213.000000
1300,00002,111,2,139,139,1,85,0,400,257,193,179,28,119,143,246759,103,90,98,109,0,0,0,107,102,174,17,0,0,973637,1,400,257,193,179,28,143,246759,119.142857,103,90,98,109,0,0,0,107,102,174,17,0,0,973637,3492.000000,12890.000000
1400,00002,111,2,139,139,1,85,0,400,258,228,172,0,119,142,162372,176,52,164,8,0,0,0,161,137,102,0,0,0,1166534,1,400,258,228,172,0,142,162372,119.142857,176,52,164,8,0,0,0,161,137,102,0,0,0,1166534,3210.000000,3458.000000
1500,00002,111,2,139,139,1,58,0,272,171,137,135,0,81,101,134122,103,34,124,11,0,0,23,98,34,117,0,0,0,1371980,1,272,171,137,135,0,101,134122,81.017143,103,34,124,11,0,0,23,98,34,117,0,0,0,1371980,2863.000000,1991.000000
1600,00002,111,2,139,139,1,84,0,399,288,189,210,0,118,111,240241,16,173,169,41,0,0,3,20,208,168,0,0,0,1485559,1,399,288,189,210,0,111,240241,118.845000,16,173,169,41,0,0,3,20,208,168,0,0,0,1485559,2777.000000,1886.000000
1700,00002,111,2,139,139,1,33,0,159,86,89,70,0,47,73,81384,41,48,47,23,0,0,26,66,33,34,0,0,0,1718084,1,159,86,89,70,0,73,81384,47.359286,41,48,47,23,0,0,26,66,33,34,0,0,0,1718084,2902.000000,11737.000000
1800,00002,111,2,139,139,1,84,0,399,271,167,214,18,118,128,275035,4,163,115,117,0,0,0,7,188,185,19,0,0,1835682,1,399,271,167,214,18,128,275035,118.845000,4,163,115,117,0,0,0,7,188,185,19,0,0,1835682,2838.000000,524.000000
1900,00002,111,2,139,139,1,85,0,400,301,8,328,64,119,99,393407,0,8,201,191,0,0,0,0,6,225,169,0,0,1819562,1,400,301,8,328,64,99,393407,119.142857,0,8,201,191,0,0,0,0,6,225,169,0,0,1819562,2915.000000,10689.000000
2000,00002,111,2,139,139,1,84,0,394,285,269,125,0,117,109,174899,8,261,115,10,0,0,6,6,344,38,0,0,0,1971401,1,394,285,269,125,0,109,174899,117.355714,8,261,115,10,0,0,6,6,344,38,0,0,0,1971401,3410.000000,22217.000000
2100,00002,111,2,139,139,1,44,0,210,136,181,29,0,62,74,62646,82,99,29,0,0,0,12,86,100,12,0,0,0,2205014,1,210,136,181,29,0,74,62646,62.550000,82,99,29,0,0,0,12,86,100,12,0,0,0,2205014,0.000000,0.000000
2200,00002,111,2,139,139,1,79,0,372,304,320,52,0,110,68,144745,3,317,52,0,0,0,0,0,372,0,0,0,0,2354414,1,372,304,320,52,0,68,144745,110.802857,3,317,52,0,0,0,0,0,372,0,0,0,0,2354414,1282.000000,1676.000000
2300,00002,111,2,139,139,1,27,0,128,110,128,0,0,38,18,20272,100,28,0,0,0,0,7,110,11,0,0,0,0,2602274,1,128,110,128,0,0,18,20272,38.125714,100,28,0,0,0,0,7,110,11,0,0,0,0,2602274,2292.000000,8803.000000
2400,00002,111,2,139,139,1,76,0,358,267,358,0,0,106,91,105770,131,227,0,0,0,0,1,135,222,0,0,0,0,2795345,1,358,267,358,0,0,91,105770,106.632857,131,227,0,0,0,0,1,135,222,0,0,0,0,2795345,2075.000000,1257.000000
2500,00002,111,2,139,139,1,84,0,396,277,205,191,0,117,119,186292,29,176,191,0,0,0,1,31,241,123,0,0,0,2947628,1,396,277,205,191,0,119,186292,117.951429,29,176,191,0,0,0,1,31,241,123,0,0,0,2947628,1967.000000,5449.000000
2600,00002,111,2,139,139,1,85,0,400,303,266,134,0,119,97,168063,7,259,134,0,0,0,0,10,369,21,0,0,0,3096937,1,400,303,266,134,0,97,168063,119.142857,7,259,134,0,0,0,0,10,369,21,0,0,0,3096937,2140.000000,7964.000000
2700,00002,111,2,139,139,1,84,0,398,313,398,0,0,118,85,74289,284,114,0,0,0,0,2,310,86,0,0,0,0,3307536,1,398,313,398,0,0,85,74289,118.547143,284,114,0,0,0,0,2,310,86,0,0,0,0,3307536,2244.000000,9222.000000
2800,00002,111,2,139,139,1,85,0,400,309,400,0,0,119,91,61544,342,58,0,0,0,0,0,376,24,0,0,0,0,3528271,1,400,309,400,0,0,91,61544,119.142857,342,58,0,0,0,0,0,376,24,0,0,0,0,3528271,2060.000000,4087.000000
2900,00002,111,2,139,139,1,84,0,393,284,393,0,0,117,109,107314,173,220,0,0,0,0,1,200,192,0,0,0,0,3727183,1,393,284,393,0,0,109,107314,117.057857,173,220,0,0,0,0,1,200,192,0,0,0,0,3727183,1892.000000,3353.000000
3000,00002,111,2,139,139,1,85,0,400,302,400,0,0,119,98,92371,209,191,0,0,0,0,0,224,176,0,0,0,0,3929263,1,400,302,400,0,0,98,92371,119.142857,209,191,0,0,0,0,0,224,176,0,0,0,0,3929263,1837.000000,4925.000000
3100,00002,111,2,139,139,1,85,0,400,317,154,246,0,119,83,223675,6,148,246,0,0,0,0,4,273,123,0,0,0,4025565,1,400,317,154,246,0,83,223675,119.142857,6,148,246,0,0,0,0,4,273,123,0,0,0,4025565,0.000000,0.000000
3200,00002,111,2,139,139,1,85,0,400,348,329,71,0,119,52,165258,0,329,71,0,0,0,0,0,395,5,0,0,0,4151459,1,400,348,329,71,0,52,165258,119.142857,0,329,71,0,0,0,0,0,395,5,0,0,0,4151459,3813.000000,13204.000000
3300,00002,111,2,139,139,1,85,0,400,362,329,71,0,119,38,171946,2,327,71,0,0,0,0,2,398,0,0,0,0,4264856,1,400,362,329,71,0,38,171946,119.142857,2,327,71,0,0,0,0,2,398,0,0,0,0,4264856,3522.000000,10899.000000
3400,00002,111,2,139,139,1,85,0,400,308,392,8,0,119,92,90059,231,161,8,0,0,0,0,244,156,0,0,0,0,4467137,1,400,308,392,8,0,92,90059,119.142857,231,161,8,0,0,0,0,244,156,0,0,0,0,4467137,3522.000000,11947.000000
3500,00002,111,2,139,139,1,85,0,400,303,203,197,0,119,97,210969,6,197,197,0,0,0,0,4,263,133,0,0,0,4583863,1,400,303,203,197,0,97,210969,119.142857,6,197,197,0,0,0,0,4,263,133,0,0,0,4583863,2997.000000,4611.000000
3600,00002,111,2,139,139,1,85,0,400,302,10,360,30,119,98,345306,0,10,203,187,0,0,0,0,50,324,26,0,0,4610669,1,400,302,10,360,30,98,345306,119.142857,0,10,203,187,0,0,0,0,50,324,26,0,0,4610669,3065.000000,11423.000000
3700,00002,111,2,139,139,1,85,0,400,396,0,7,393,119,4,994845,0,0,7,6,1,386,0,0,0,5,5,1,389,3881532,1,400,396,0,7,393,4,994845,119.142857,0,0,7,6,1,386,0,0,0,5,5,1,389,3881532,3454.000000,18759.000000
3800,00002,111,2,139,139,1,61,0,290,222,268,0,22,86,68,89958,268,0,0,0,0,22,0,280,0,0,0,0,10,4092302,1,290,222,268,0,22,68,89958,86.378571,268,0,0,0,0,22,0,280,0,0,0,0,10,4092302,6267.000000,79019.000000
3900,00002,111,2,139,139,1,19,0,92,76,92,0,0,27,16,9520,92,0,0,0,0,0,5,87,0,0,0,0,0,4347356,1,92,76,92,0,0,16,9520,27.402857,92,0,0,0,0,0,5,87,0,0,0,0,0,4347356,5852.000000,3877.000000
4000,00002,111,2,139,139,1,82,0,388,298,388,0,0,115,90,58790,346,42,0,0,0,0,2,384,2,0,0,0,0,4569179,1,388,298,388,0,0,90,58790,115.568571,346,42,0,0,0,0,2,384,2,0,0,0,0,4569179,5700.000000,628.000000
4100,00002,111,2,139,139,1,17,0,85,57,85,0,0,25,28,12122,74,11,0,0,0,0,19,66,0,0,0,0,0,4824338,1,85,57,85,0,0,28,12122,25.317857,74,11,0,0,0,0,19,66,0,0,0,0,0,4824338,0.000000,0.000000
4200,00002,111,2,139,139,1,5,0,28,12,28,0,0,8,16,1960,28,0,0,0,0,0,28,0,0,0,0,0,0,5085546,1,28,12,28,0,0,16,1960,8.340000,28,0,0,0,0,0,28,0,0,0,0,0,0,5085546,788.000000,628.000000
4300,00002,111,2,139,139,1,75,0,355,268,355,0,0,105,87,55426,279,76,0,0,0,0,0,346,9,0,0,0,0,5311916,1,355,268,355,0,0,87,55426,105.739286,279,76,0,0,0,0,0,346,9,0,0,0,0,5311916,653.000000,0.000000
4400,00002,111,2,139,139,1,7,0,40,27,40,0,0,11,13,3962,40,0,0,0,0,0,19,21,0,0,0,0,0,5571758,1,40,27,40,0,0,13,3962,11.914286,40,0,0,0,0,0,19,21,0,0,0,0,0,5571758,857.000000,2829.000000
4500,00002,111,2,139,139,1,52,0,246,205,246,0,0,73,41,36162,234,12,0,0,0,0,0,246,0,0,0,0,0,5806011,1,246,205,246,0,0,41,36162,73.272857,234,12,0,0,0,0,0,246,0,0,0,0,0,5806011,835.000000,209.000000
4600,00002,111,2,139,139,1,13,0,67,44,67,0,0,19,23,10172,50,17,0,0,0,0,23,35,9,0,0,0,0,6061418,1,67,44,67,0,0,23,10172,19.956429,50,17,0,0,0,0,23,35,9,0,0,0,0,6061418,909.000000,2200.000000
4700,00002,111,2,139,139,1,18,0,88,66,88,0,0,26,22,12544,80,8,0,0,0,0,5,78,5,0,0,0,0,6315269,1,88,66,88,0,0,22,12544,26.211429,80,8,0,0,0,0,5,78,5,0,0,0,0,6315269,905.000000,524.000000
4800,00002,111,2,139,139,1,7,0,39,23,39,0,0,11,16,5486,27,12,0,0,0,0,22,13,4,0,0,0,0,6575052,1,39,23,39,0,0,16,5486,11.616429,27,12,0,0,0,0,22,13,4,0,0,0,0,6575052,900.000000,628.000000
4900,00002,111,2,139,139,1,5,0,26,19,26,0,0,7,7,2554,26,0,0,0,0,0,14,12,0,0,0,0,0,6835387,1,26,19,26,0,0,7,2554,7.744286,26,0,0,0,0,0,14,12,0,0,0,0,0,6835387,887.000000,209.000000
5000,00002,111,2,139,139,1,5,0,26,11,26,0,0,7,15,2118,26,0,0,0,0,0,21,5,0,0,0,0,0,7096605,1,26,11,26,0,0,15,2118,7.744286,26,0,0,0,0,0,21,5,0,0,0,0,0,7096605,879.000000,104.000000
5100,00002,111,2,139,139,1,74,0,348,271,336,12,0,103,77,111079,53,283,12,0,0,0,0,80,268,0,0,0,0,7278162,1,348,271,336,12,0,77,111079,103.654286,53,283,12,0,0,0,0,80,268,0,0,0,0,7278162,0.000000,0.000000
5200,00002,111,2,139,139,1,85,0,400,307,178,222,0,119,93,215512,8,170,222,0,0,0,0,7,215,178,0,0,0,7389135,1,400,307,178,222,0,93,215512,119.142857,8,170,222,0,0,0,0,7,215,178,0,0,0,7389135,2132.000000,6287.000000
5300,00002,111,2,139,139,1,84,0,396,278,194,202,0,117,118,195633,37,157,202,0,0,0,4,35,167,190,0,0,0,7534761,1,396,278,194,202,0,118,195633,117.951429,37,157,202,0,0,0,4,35,167,190,0,0,0,7534761,2850.000000,11947.000000
5400,00002,111,2,139,139,1,85,0,400,306,11,389,0,119,94,326068,0,11,333,56,0,0,0,0,9,391,0,0,0,7560033,1,400,306,11,389,0,94,326068,119.142857,0,11,333,56,0,0,0,0,9,391,0,0,0,7560033,2824.000000,8698.000000
5500,00002,111,2,139,139,1,84,0,398,296,358,40,0,118,102,126430,144,214,40,0,0,0,2,153,227,16,0,0,0,7741244,1,398,296,358,40,0,102,126430,118.547143,144,214,40,0,0,0,2,153,227,16,0,0,0,7741244,3511.000000,18864.000000
5600,00002,111,2,139,139,1,85,0,400,306,49,351,0,119,94,309167,0,49,277,74,0,0,0,0,105,295,0,0,0,7784348,1,400,306,49,351,0,94,309167,119.142857,0,49,277,74,0,0,0,0,105,295,0,0,0,7784348,3181.000000,6392.000000
5700,00002,111,2,139,139,1,85,0,400,294,380,20,0,119,106,110147,191,189,20,0,0,0,0,200,190,10,0,0,0,7979141,1,400,294,380,20,0,106,110147,119.142857,191,189,20,0,0,0,0,200,190,10,0,0,0,7979141,3503.000000,17501.000000
5800,00002,111,2,139,139,1,85,0,400,310,357,43,0,119,90,130083,63,294,43,0,0,0,0,95,305,0,0,0,0,8152307,1,400,310,357,43,0,90,130083,119.142857,63,294,43,0,0,0,0,95,305,0,0,0,0,8152307,3218.000000,5449.000000
5900,00002,111,2,139,139,1,30,0,142,123,142,0,0,42,19,22562,112,30,0,0,0,0,9,109,24,0,0,0,0,8397818,1,142,123,142,0,0,19,22562,42.295714,112,30,0,0,0,0,9,109,24,0,0,0,0,8397818,3067.000000,7021.000000
6000,00002,111,2,139,139,1,17,0,83,49,83,0,0,24,34,17264,55,28,0,0,0,0,30,36,17,0,0,0,0,8652564,1,83,49,83,0,0,34,17264,24.722143,55,28,0,0,0,0,30,36,17,0,0,0,0,8652564,2984.000000,1467.000000
6100,00002,111,2,139,139,1,11,0,56,32,32,24,0,16,24,17962,32,0,24,0,0,0,9,38,9,0,0,0,0,8908331,1,56,32,32,24,0,24,17962,16.680000,32,0,24,0,0,0,9,38,9,0,0,0,0,8908331,0.000000,0.000000
6200,00002,111,2,139,139,1,52,0,246,167,184,62,0,73,79,82843,99,85,62,0,0,0,6,110,115,15,0,0,0,9129161,1,246,167,184,62,0,79,82843,73.272857,99,85,62,0,0,0,6,110,115,15,0,0,0,9129161,799.000000,104.000000
6300,00002,111,2,139,139,1,85,0,400,303,277,123,0,119,97,170798,28,249,123,0,0,0,0,23,310,67,0,0,0,9275416,1,400,303,277,123,0,97,170798,119.142857,28,249,123,0,0,0,0,23,310,67,0,0,0,9275416,1492.000000,1886.000000
6400,00002,111,2,139,139,1,85,0,400,291,290,110,0,119,109,161438,42,248,110,0,0,0,0,47,299,54,0,0,0,9436698,1,400,291,290,110,0,109,161438,119.142857,42,248,110,0,0,0,0,47,299,54,0,0,0,9436698,2249.000000,9222.000000
6500,00002,111,2,139,139,1,85,0,400,357,22,0,378,119,43,931875,0,22,0,0,46,332,0,0,19,0,30,175,176,8863169,1,400,357,22,0,378,43,931875,119.142857,0,22,0,0,46,332,0,0,19,0,30,175,176,8863169,2277.000000,7964.000000
