% time	cellId	IMSI	RNTI	sinrLinear	componentCarrierId
0.321	1	0	1	365.876	0
0.322	1	0	2	156.235	0
0.323	1	0	3	151.743	0
0.324	1	0	4	626.232	0
0.325	1	0	5	150.81	0
0.641	1	0	1	366.146	0
0.642	1	0	2	156.521	0
0.643	1	0	3	151.733	0
0.644	1	0	4	628.323	0
0.645	1	0	5	150.559	0
0.961	1	0	1	366.415	0
0.962	1	0	2	156.808	0
0.963	1	0	3	151.722	0
0.964	1	0	4	630.424	0
0.965	1	0	5	150.308	0
1.281	1	0	1	366.684	0
1.282	1	0	2	157.095	0
1.283	1	0	3	151.711	0
1.284	1	0	4	632.535	0
1.285	1	0	5	150.058	0
1.601	1	0	1	366.952	0
1.602	1	0	2	157.382	0
1.603	1	0	3	151.7	0
1.604	1	0	4	634.656	0
1.605	1	0	5	149.809	0
1.921	1	0	1	367.22	0
1.922	1	0	2	157.671	0
1.923	1	0	3	151.688	0
1.924	1	0	4	636.787	0
1.925	1	0	5	149.56	0
2.241	1	0	1	367.487	0
2.242	1	0	2	157.96	0
2.243	1	0	3	151.676	0
2.244	1	0	4	638.929	0
2.245	1	0	5	149.311	0
2.561	1	0	1	367.754	0
2.562	1	0	2	158.25	0
2.563	1	0	3	151.664	0
2.564	1	0	4	641.081	0
2.565	1	0	5	149.062	0
2.881	1	0	1	368.021	0
2.882	1	0	2	158.54	0
2.883	1	0	3	151.652	0
2.884	1	0	4	643.243	0
2.885	1	0	5	148.815	0
3.201	1	0	1	368.287	0
3.202	1	0	2	158.831	0
3.203	1	0	3	151.639	0
3.204	1	0	4	645.416	0
3.205	1	0	5	148.567	0
3.521	1	0	1	368.552	0
3.522	1	0	2	159.123	0
3.523	1	0	3	151.627	0
3.524	1	0	4	647.6	0
3.525	1	0	5	148.32	0
3.841	1	0	1	368.817	0
3.842	1	0	2	159.415	0
3.843	1	0	3	151.614	0
3.844	1	0	4	649.794	0
3.845	1	0	5	148.073	0
4.161	1	0	1	369.081	0
4.162	1	0	2	159.709	0
4.163	1	0	3	151.6	0
4.164	1	0	4	651.998	0
4.165	1	0	5	147.827	0
4.481	1	0	1	369.345	0
4.482	1	0	2	160.002	0
4.483	1	0	3	151.587	0
4.484	1	0	4	654.214	0
4.485	1	0	5	147.581	0
4.801	1	0	1	369.609	0
4.802	1	0	2	160.297	0
4.803	1	0	3	151.573	0
4.804	1	0	4	656.44	0
4.805	1	0	5	147.335	0
5.121	1	0	1	369.871	0
5.122	1	0	2	160.592	0
5.123	1	0	3	151.559	0
5.124	1	0	4	658.678	0
5.125	1	0	5	147.09	0
5.441	1	0	1	370.134	0
5.442	1	0	2	160.888	0
5.443	1	0	3	151.545	0
5.444	1	0	4	660.926	0
5.445	1	0	5	146.845	0
5.761	1	0	1	370.396	0
5.762	1	0	2	161.184	0
5.763	1	0	3	151.53	0
5.764	1	0	4	663.185	0
5.765	1	0	5	146.601	0
6.081	1	0	1	370.657	0
6.082	1	0	2	161.481	0
6.083	1	0	3	151.515	0
6.084	1	0	4	665.455	0
6.085	1	0	5	146.357	0
6.401	1	0	1	370.918	0
6.402	1	0	2	161.779	0
6.403	1	0	3	151.5	0
6.404	1	0	4	667.737	0
6.405	1	0	5	146.114	0
